Station,TTArrTime,ArrFlag,Loop,TTDepTime,DepFlag,Secn,TTHaltTime,MinHaltTime,TTRunTime,MinRunTime,TrainID,Priority,SubNetwork
stn59,2016-04-16 21:14:00,P,0,2016-04-16 21:14:00,P,0,0,0,4,4,10001,1,1|1
stn58,2016-04-16 21:18:00,P,0,2016-04-16 21:18:00,P,0,0,0,10,9,10001,1,1|1
stn57,2016-04-16 21:28:00,P,0,2016-04-16 21:28:00,P,0,0,0,8,7,10001,1,1|1
stn56,2016-04-16 21:36:00,P,0,2016-04-16 21:36:00,P,0,0,0,9,9,10001,1,1|1
stn55,2016-04-16 21:45:00,P,0,2016-04-16 21:45:00,P,0,0,0,17,17,10001,1,1|1
stn54,2016-04-16 22:02:00,P,0,2016-04-16 22:03:00,P,0,1,1,14,17,10001,1,1|1
stn53,2016-04-16 22:17:00,P,0,2016-04-16 22:17:00,P,0,0,0,13,16,10001,1,1|1
stn52,2016-04-16 22:30:00,P,0,2016-04-16 22:30:00,P,0,0,0,12,14,10001,1,1|1
stn51,2016-04-16 22:42:00,P,0,2016-04-16 22:42:00,P,0,0,0,12,14,10001,1,1|1
stn50,2016-04-16 22:54:00,P,0,2016-04-16 22:54:00,P,0,0,0,11,14,10001,1,1|1
stn49,2016-04-16 23:05:00,P,0,2016-04-16 23:05:00,P,0,0,0,7,8,10001,1,1|1
stn48,2016-04-16 23:12:00,P,0,2016-04-16 23:12:00,P,0,0,0,12,15,10001,1,1|1
stn47,2016-04-16 23:24:00,P,0,2016-04-16 23:24:00,P,0,0,0,7,9,10001,1,1|1
stn46,2016-04-16 23:31:00,P,0,2016-04-16 23:31:00,P,0,0,0,15,19,10001,1,1|1
stn45,2016-04-16 23:46:00,P,0,2016-04-16 23:46:00,P,0,0,0,12,14,10001,1,1|1
stn44,2016-04-16 23:58:00,P,0,2016-04-16 23:58:00,P,0,0,0,16,20,10001,1,1|1
stn43,2016-04-17 00:14:00,P,0,2016-04-17 00:14:00,P,0,0,0,7,8,10001,1,1|1
stn42,2016-04-17 00:21:00,P,0,2016-04-17 00:21:00,P,0,0,0,12,15,10001,1,1|1
stn41,2016-04-17 00:33:00,P,0,2016-04-17 00:33:00,P,0,0,0,12,14,10001,1,1|1
stn40,2016-04-17 00:45:00,P,0,2016-04-17 00:45:00,P,0,0,0,6,8,10001,1,1|1
stn39,2016-04-17 00:51:00,P,0,2016-04-17 00:51:00,P,0,0,0,9,8,10001,1,1|1
stn38,2016-04-17 01:00:00,P,0,2016-04-17 01:00:00,P,0,0,0,8,10,10001,1,1|1
stn37,2016-04-17 01:08:00,P,0,2016-04-17 01:08:00,P,0,0,0,14,17,10001,1,1|1
stn36,2016-04-17 01:22:00,P,0,2016-04-17 01:22:00,P,0,0,0,15,17,10001,1,1|1
stn35,2016-04-17 01:37:00,P,0,2016-04-17 01:47:00,P,0,10,10,7,8,10001,1,1|1
stn34,2016-04-17 01:54:00,P,0,2016-04-17 01:54:00,P,0,0,0,5,5,10001,1,1|1
stn33,2016-04-17 01:59:00,P,0,2016-04-17 01:59:00,P,0,0,0,18,17,10001,1,1|1
stn32,2016-04-17 02:17:00,P,0,2016-04-17 02:17:00,P,0,0,0,19,18,10001,1,1|1
stn31,2016-04-17 02:36:00,P,0,2016-04-17 02:36:00,P,0,0,0,12,11,10001,1,1|1
stn30,2016-04-17 02:48:00,P,0,2016-04-17 02:48:00,P,0,0,0,12,12,10001,1,1|1
stn29,2016-04-17 03:00:00,P,0,2016-04-17 03:00:00,P,0,0,0,9,10,10001,1,1|1
stn28,2016-04-17 03:09:00,P,0,2016-04-17 03:09:00,P,0,0,0,11,11,10001,1,1|1
stn27,2016-04-17 03:20:00,P,0,2016-04-17 03:20:00,P,0,0,0,12,10,10001,1,1|1
stn26,2016-04-17 03:32:00,P,0,2016-04-17 03:32:00,P,0,0,0,11,11,10001,1,1|1
stn25,2016-04-17 03:43:00,P,0,2016-04-17 03:43:00,P,0,0,0,20,18,10001,1,1|1
stn24,2016-04-17 04:03:00,P,0,2016-04-17 04:03:00,P,0,0,0,17,16,10001,1,1|1
stn23,2016-04-17 04:20:00,P,0,2016-04-17 04:20:00,P,0,0,0,17,16,10001,1,1|1
stn22,2016-04-17 04:37:00,P,0,2016-04-17 04:37:00,P,0,0,0,18,17,10001,1,1|1
stn21,2016-04-17 04:55:00,P,0,2016-04-17 04:55:00,P,0,0,0,18,17,10001,1,1|1
stn20,2016-04-17 05:13:00,P,0,2016-04-17 05:13:00,P,0,0,0,18,16,10001,1,1|1
stn19,2016-04-17 05:31:00,P,0,2016-04-17 05:31:00,P,0,0,0,17,17,10001,1,1|1
stn18,2016-04-17 05:48:00,P,0,2016-04-17 05:48:00,P,0,0,0,17,16,10001,1,1|1
stn17,2016-04-17 06:05:00,P,0,2016-04-17 06:05:00,P,0,0,0,7,7,10001,1,1|1
stn16,2016-04-17 06:12:00,P,0,2016-04-17 06:12:00,P,0,0,0,14,13,10001,1,1|1
stn15,2016-04-17 06:26:00,P,0,2016-04-17 06:26:00,P,0,0,0,15,14,10001,1,1|1
stn14,2016-04-17 06:41:00,P,0,2016-04-17 06:41:00,P,0,0,0,23,14,10001,1,1|1
stn13,2016-04-17 07:04:00,P,0,2016-04-17 07:04:00,P,0,0,0,4,10,10001,1,1|1
stn12,2016-04-17 07:08:00,P,0,2016-04-17 07:08:00,P,0,0,0,9,9,10001,1,1|1
stn11,2016-04-17 07:17:00,P,0,2016-04-17 07:17:00,P,0,0,0,11,10,10001,1,1|1
stn10,2016-04-17 07:28:00,P,0,2016-04-17 07:28:00,P,0,0,0,18,17,10001,1,1|1
stn09,2016-04-17 07:46:00,P,0,2016-04-17 07:46:00,P,0,0,0,15,14,10001,1,1|1
stn08,2016-04-17 08:01:00,P,0,2016-04-17 08:01:00,P,0,0,0,19,18,10001,1,1|1
stn07,2016-04-17 08:20:00,P,0,2016-04-17 08:20:00,P,0,0,0,11,8,10001,1,1|1
stn06,2016-04-17 08:31:00,P,0,2016-04-17 08:31:00,P,0,0,0,9,10,10001,1,1|1
stn05,2016-04-17 08:40:00,P,0,2016-04-17 08:40:00,P,0,0,0,17,17,10001,1,1|1
stn04,2016-04-17 08:57:00,P,0,2016-04-17 08:57:00,P,0,0,0,18,17,10001,1,1|1
stn03,2016-04-17 09:15:00,P,0,2016-04-17 09:15:00,P,0,0,0,19,18,10001,1,1|1
stn02,2016-04-17 09:34:00,P,0,2016-04-17 09:34:00,P,0,0,0,15,13,10001,1,1|1
stn01,2016-04-17 09:49:00,P,0,2016-04-17 09:49:00,P,0,0,0,0,0,10001,1,1|1
stn01,2016-04-16 13:51:00,P,0,2016-04-16 13:51:00,P,0,0,0,13,13,10002,1,1|1
stn02,2016-04-16 14:04:00,P,0,2016-04-16 14:04:00,P,0,0,0,17,18,10002,1,1|1
stn03,2016-04-16 14:21:00,P,0,2016-04-16 14:21:00,P,0,0,0,17,17,10002,1,1|1
stn04,2016-04-16 14:38:00,P,0,2016-04-16 14:38:00,P,0,0,0,15,16,10002,1,1|1
stn05,2016-04-16 14:53:00,P,0,2016-04-16 14:53:00,P,0,0,0,8,10,10002,1,1|1
stn06,2016-04-16 15:01:00,P,0,2016-04-16 15:01:00,P,0,0,0,10,8,10002,1,1|1
stn07,2016-04-16 15:11:00,P,0,2016-04-16 15:11:00,P,0,0,0,17,18,10002,1,1|1
stn08,2016-04-16 15:28:00,P,0,2016-04-16 15:28:00,P,0,0,0,13,14,10002,1,1|1
stn09,2016-04-16 15:41:00,P,0,2016-04-16 15:41:00,P,0,0,0,16,17,10002,1,1|1
stn10,2016-04-16 15:57:00,P,0,2016-04-16 15:57:00,P,0,0,0,10,10,10002,1,1|1
stn11,2016-04-16 16:07:00,P,0,2016-04-16 16:07:00,P,0,0,0,8,9,10002,1,1|1
stn12,2016-04-16 16:15:00,P,0,2016-04-16 16:15:00,P,0,0,0,4,10,10002,1,1|1
stn13,2016-04-16 16:19:00,P,0,2016-04-16 16:19:00,P,0,0,0,20,14,10002,1,1|1
stn14,2016-04-16 16:39:00,P,0,2016-04-16 16:39:00,P,0,0,0,13,14,10002,1,1|1
stn15,2016-04-16 16:52:00,P,0,2016-04-16 16:52:00,P,0,0,0,13,13,10002,1,1|1
stn16,2016-04-16 17:05:00,P,0,2016-04-16 17:05:00,P,0,0,0,6,7,10002,1,1|1
stn17,2016-04-16 17:11:00,P,0,2016-04-16 17:11:00,P,0,0,0,15,16,10002,1,1|1
stn18,2016-04-16 17:26:00,P,0,2016-04-16 17:26:00,P,0,0,0,16,17,10002,1,1|1
stn19,2016-04-16 17:42:00,P,0,2016-04-16 17:42:00,P,0,0,0,15,16,10002,1,1|1
stn20,2016-04-16 17:57:00,P,0,2016-04-16 17:57:00,P,0,0,0,17,17,10002,1,1|1
stn21,2016-04-16 18:14:00,P,0,2016-04-16 18:14:00,P,0,0,0,16,17,10002,1,1|1
stn22,2016-04-16 18:30:00,P,0,2016-04-16 18:30:00,P,0,0,0,16,16,10002,1,1|1
stn23,2016-04-16 18:46:00,P,0,2016-04-16 18:46:00,P,0,0,0,15,16,10002,1,1|1
stn24,2016-04-16 19:01:00,P,0,2016-04-16 19:01:00,P,0,0,0,17,18,10002,1,1|1
stn25,2016-04-16 19:18:00,P,0,2016-04-16 19:18:00,P,0,0,0,11,11,10002,1,1|1
stn26,2016-04-16 19:29:00,P,0,2016-04-16 19:29:00,P,0,0,0,10,10,10002,1,1|1
stn27,2016-04-16 19:39:00,P,0,2016-04-16 19:39:00,P,0,0,0,10,11,10002,1,1|1
stn28,2016-04-16 19:49:00,P,0,2016-04-16 19:49:00,P,0,0,0,8,10,10002,1,1|1
stn29,2016-04-16 19:57:00,P,0,2016-04-16 19:57:00,P,0,0,0,10,12,10002,1,1|1
stn30,2016-04-16 20:07:00,P,0,2016-04-16 20:07:00,P,0,0,0,11,11,10002,1,1|1
stn31,2016-04-16 20:18:00,P,0,2016-04-16 20:18:00,P,0,0,0,17,18,10002,1,1|1
stn32,2016-04-16 20:35:00,P,0,2016-04-16 20:35:00,P,0,0,0,16,16,10002,1,1|1
stn33,2016-04-16 20:51:00,P,0,2016-04-16 20:51:00,P,0,0,0,5,5,10002,1,1|1
stn34,2016-04-16 20:56:00,P,0,2016-04-16 20:56:00,P,0,0,0,6,8,10002,1,1|1
stn35,2016-04-16 21:02:00,P,0,2016-04-16 21:12:00,P,0,10,10,15,17,10002,1,1|1
stn36,2016-04-16 21:27:00,P,0,2016-04-16 21:27:00,P,0,0,0,14,17,10002,1,1|1
stn37,2016-04-16 21:41:00,P,0,2016-04-16 21:41:00,P,0,0,0,9,10,10002,1,1|1
stn38,2016-04-16 21:50:00,P,0,2016-04-16 21:50:00,P,0,0,0,8,8,10002,1,1|1
stn39,2016-04-16 21:58:00,P,0,2016-04-16 21:58:00,P,0,0,0,6,8,10002,1,1|1
stn40,2016-04-16 22:04:00,P,0,2016-04-16 22:04:00,P,0,0,0,12,14,10002,1,1|1
stn41,2016-04-16 22:16:00,P,0,2016-04-16 22:16:00,P,0,0,0,12,15,10002,1,1|1
stn42,2016-04-16 22:28:00,P,0,2016-04-16 22:28:00,P,0,0,0,7,8,10002,1,1|1
stn43,2016-04-16 22:35:00,P,0,2016-04-16 22:35:00,P,0,0,0,16,20,10002,1,1|1
stn44,2016-04-16 22:51:00,P,0,2016-04-16 22:51:00,P,0,0,0,12,14,10002,1,1|1
stn45,2016-04-16 23:03:00,P,0,2016-04-16 23:03:00,P,0,0,0,15,18,10002,1,1|1
stn46,2016-04-16 23:18:00,P,0,2016-04-16 23:18:00,P,0,0,0,8,8,10002,1,1|1
stn47,2016-04-16 23:26:00,P,0,2016-04-16 23:26:00,P,0,0,0,12,15,10002,1,1|1
stn48,2016-04-16 23:38:00,P,0,2016-04-16 23:38:00,P,0,0,0,6,8,10002,1,1|1
stn49,2016-04-16 23:44:00,P,0,2016-04-16 23:44:00,P,0,0,0,12,14,10002,1,1|1
stn50,2016-04-16 23:56:00,P,0,2016-04-16 23:56:00,P,0,0,0,12,14,10002,1,1|1
stn51,2016-04-17 00:08:00,P,0,2016-04-17 00:08:00,P,0,0,0,12,14,10002,1,1|1
stn52,2016-04-17 00:20:00,P,0,2016-04-17 00:20:00,P,0,0,0,13,16,10002,1,1|1
stn53,2016-04-17 00:33:00,P,0,2016-04-17 00:33:00,P,0,0,0,14,17,10002,1,1|1
stn54,2016-04-17 00:47:00,P,0,2016-04-17 00:49:00,P,0,2,2,24,17,10002,1,1|1
stn55,2016-04-17 01:13:00,P,0,2016-04-17 01:13:00,P,0,0,0,14,9,10002,1,1|1
stn56,2016-04-17 01:27:00,P,0,2016-04-17 01:27:00,P,0,0,0,11,7,10002,1,1|1
stn57,2016-04-17 01:38:00,P,0,2016-04-17 01:38:00,P,0,0,0,13,9,10002,1,1|1
stn58,2016-04-17 01:51:00,P,0,2016-04-17 01:51:00,P,0,0,0,7,4,10002,1,1|1
stn59,2016-04-17 01:58:00,P,0,2016-04-17 01:58:00,P,0,0,0,0,0,10002,1,1|1
stn01,2016-04-16 23:13:00,P,0,2016-04-16 23:13:00,P,0,0,0,11,12,10003,1,1|1
stn02,2016-04-16 23:24:00,P,0,2016-04-16 23:24:00,P,0,0,0,16,17,10003,1,1|1
stn03,2016-04-16 23:40:00,P,0,2016-04-16 23:40:00,P,0,0,0,15,16,10003,1,1|1
stn04,2016-04-16 23:55:00,P,0,2016-04-16 23:55:00,P,0,0,0,14,15,10003,1,1|1
stn05,2016-04-17 00:09:00,P,0,2016-04-17 00:09:00,P,0,0,0,7,9,10003,1,1|1
stn06,2016-04-17 00:16:00,P,0,2016-04-17 00:16:00,P,0,0,0,9,7,10003,1,1|1
stn07,2016-04-17 00:25:00,P,0,2016-04-17 00:25:00,P,0,0,0,16,17,10003,1,1|1
stn08,2016-04-17 00:41:00,P,0,2016-04-17 00:41:00,P,0,0,0,12,13,10003,1,1|1
stn09,2016-04-17 00:53:00,P,0,2016-04-17 00:53:00,P,0,0,0,14,15,10003,1,1|1
stn10,2016-04-17 01:07:00,P,0,2016-04-17 01:07:00,P,0,0,0,9,9,10003,1,1|1
stn11,2016-04-17 01:16:00,P,0,2016-04-17 01:16:00,P,0,0,0,8,8,10003,1,1|1
stn12,2016-04-17 01:24:00,P,0,2016-04-17 01:24:00,P,0,0,0,3,9,10003,1,1|1
stn13,2016-04-17 01:27:00,P,0,2016-04-17 01:27:00,P,0,0,0,19,13,10003,1,1|1
stn14,2016-04-17 01:46:00,P,0,2016-04-17 01:46:00,P,0,0,0,12,13,10003,1,1|1
stn15,2016-04-17 01:58:00,P,0,2016-04-17 01:58:00,P,0,0,0,11,12,10003,1,1|1
stn16,2016-04-17 02:09:00,P,0,2016-04-17 02:09:00,P,0,0,0,6,7,10003,1,1|1
stn17,2016-04-17 02:15:00,P,0,2016-04-17 02:20:00,P,0,5,5,15,15,10003,1,1|1
stn18,2016-04-17 02:35:00,P,0,2016-04-17 02:35:00,P,0,0,0,16,16,10003,1,1|1
stn19,2016-04-17 02:51:00,P,0,2016-04-17 02:51:00,P,0,0,0,15,15,10003,1,1|1
stn20,2016-04-17 03:06:00,P,0,2016-04-17 03:06:00,P,0,0,0,16,16,10003,1,1|1
stn21,2016-04-17 03:22:00,P,0,2016-04-17 03:22:00,P,0,0,0,17,16,10003,1,1|1
stn22,2016-04-17 03:39:00,P,0,2016-04-17 03:39:00,P,0,0,0,15,15,10003,1,1|1
stn23,2016-04-17 03:54:00,P,0,2016-04-17 03:54:00,P,0,0,0,15,15,10003,1,1|1
stn24,2016-04-17 04:09:00,P,0,2016-04-17 04:09:00,P,0,0,0,17,17,10003,1,1|1
stn25,2016-04-17 04:26:00,P,0,2016-04-17 04:26:00,P,0,0,0,11,10,10003,1,1|1
stn26,2016-04-17 04:37:00,P,0,2016-04-17 04:37:00,P,0,0,0,10,10,10003,1,1|1
stn27,2016-04-17 04:47:00,P,0,2016-04-17 04:47:00,P,0,0,0,10,10,10003,1,1|1
stn28,2016-04-17 04:57:00,P,0,2016-04-17 04:57:00,P,0,0,0,8,9,10003,1,1|1
stn29,2016-04-17 05:05:00,P,0,2016-04-17 05:05:00,P,0,0,0,10,11,10003,1,1|1
stn30,2016-04-17 05:15:00,P,0,2016-04-17 05:15:00,P,0,0,0,11,10,10003,1,1|1
stn31,2016-04-17 05:26:00,P,0,2016-04-17 05:26:00,P,0,0,0,17,17,10003,1,1|1
stn32,2016-04-17 05:43:00,P,0,2016-04-17 05:43:00,P,0,0,0,16,15,10003,1,1|1
stn33,2016-04-17 05:59:00,P,0,2016-04-17 05:59:00,P,0,0,0,5,4,10003,1,1|1
stn34,2016-04-17 06:04:00,P,0,2016-04-17 06:04:00,P,0,0,0,6,7,10003,1,1|1
stn35,2016-04-17 06:10:00,P,0,2016-04-17 06:20:00,P,0,10,10,15,15,10003,1,1|1
stn36,2016-04-17 06:35:00,P,0,2016-04-17 06:35:00,P,0,0,0,14,16,10003,1,1|1
stn37,2016-04-17 06:49:00,P,0,2016-04-17 06:49:00,P,0,0,0,8,9,10003,1,1|1
stn38,2016-04-17 06:57:00,P,0,2016-04-17 06:57:00,P,0,0,0,8,7,10003,1,1|1
stn39,2016-04-17 07:05:00,P,0,2016-04-17 07:05:00,P,0,0,0,7,7,10003,1,1|1
stn40,2016-04-17 07:12:00,P,0,2016-04-17 07:12:00,P,0,0,0,11,13,10003,1,1|1
stn41,2016-04-17 07:23:00,P,0,2016-04-17 07:23:00,P,0,0,0,12,14,10003,1,1|1
stn42,2016-04-17 07:35:00,P,0,2016-04-17 07:35:00,P,0,0,0,7,7,10003,1,1|1
stn43,2016-04-17 07:42:00,P,0,2016-04-17 07:42:00,P,0,0,0,16,18,10003,1,1|1
stn44,2016-04-17 07:58:00,P,0,2016-04-17 07:58:00,P,0,0,0,12,13,10003,1,1|1
stn45,2016-04-17 08:10:00,P,0,2016-04-17 08:10:00,P,0,0,0,15,17,10003,1,1|1
stn46,2016-04-17 08:25:00,P,0,2016-04-17 08:25:00,P,0,0,0,7,8,10003,1,1|1
stn47,2016-04-17 08:32:00,P,0,2016-04-17 08:32:00,P,0,0,0,12,14,10003,1,1|1
stn48,2016-04-17 08:44:00,P,0,2016-04-17 08:44:00,P,0,0,0,6,7,10003,1,1|1
stn49,2016-04-17 08:50:00,P,0,2016-04-17 08:50:00,P,0,0,0,12,13,10003,1,1|1
stn50,2016-04-17 09:02:00,P,0,2016-04-17 09:02:00,P,0,0,0,12,13,10003,1,1|1
stn51,2016-04-17 09:14:00,P,0,2016-04-17 09:14:00,P,0,0,0,11,13,10003,1,1|1
stn52,2016-04-17 09:25:00,P,0,2016-04-17 09:25:00,P,0,0,0,14,15,10003,1,1|1
stn53,2016-04-17 09:39:00,P,0,2016-04-17 09:39:00,P,0,0,0,13,16,10003,1,1|1
stn54,2016-04-17 09:52:00,P,0,2016-04-17 09:52:00,P,0,0,0,14,16,10003,1,1|1
stn55,2016-04-17 10:06:00,P,0,2016-04-17 10:06:00,P,0,0,0,8,8,10003,1,1|1
stn56,2016-04-17 10:14:00,P,0,2016-04-17 10:14:00,P,0,0,0,6,7,10003,1,1|1
stn57,2016-04-17 10:20:00,P,0,2016-04-17 10:20:00,P,0,0,0,8,8,10003,1,1|1
stn58,2016-04-17 10:28:00,P,0,2016-04-17 10:28:00,P,0,0,0,3,4,10003,1,1|1
stn59,2016-04-17 10:31:00,P,0,2016-04-17 10:31:00,P,0,0,0,0,0,10003,1,1|1
stn59,2016-04-16 05:57:00,P,0,2016-04-16 05:57:00,P,0,0,0,4,4,10004,1,1|1
stn58,2016-04-16 06:01:00,P,0,2016-04-16 06:02:00,P,0,1,1,10,7,10004,1,1|1
stn57,2016-04-16 06:12:00,P,0,2016-04-16 06:12:00,P,0,0,0,8,6,10004,1,1|1
stn56,2016-04-16 06:20:00,P,0,2016-04-16 06:20:00,P,0,0,0,10,8,10004,1,1|1
stn55,2016-04-16 06:30:00,P,0,2016-04-16 06:30:00,P,0,0,0,18,14,10004,1,1|1
stn54,2016-04-16 06:48:00,P,0,2016-04-16 06:50:00,P,0,2,2,12,14,10004,1,1|1
stn53,2016-04-16 07:02:00,P,0,2016-04-16 07:02:00,P,0,0,0,11,13,10004,1,1|1
stn52,2016-04-16 07:13:00,P,0,2016-04-16 07:13:00,P,0,0,0,10,12,10004,1,1|1
stn51,2016-04-16 07:23:00,P,0,2016-04-16 07:23:00,P,0,0,0,10,12,10004,1,1|1
stn50,2016-04-16 07:33:00,P,0,2016-04-16 07:33:00,P,0,0,0,10,12,10004,1,1|1
stn49,2016-04-16 07:43:00,P,0,2016-04-16 07:43:00,P,0,0,0,5,6,10004,1,1|1
stn48,2016-04-16 07:48:00,P,0,2016-04-16 07:48:00,P,0,0,0,11,13,10004,1,1|1
stn47,2016-04-16 07:59:00,P,0,2016-04-16 07:59:00,P,0,0,0,6,7,10004,1,1|1
stn46,2016-04-16 08:05:00,P,0,2016-04-16 08:05:00,P,0,0,0,13,15,10004,1,1|1
stn45,2016-04-16 08:18:00,P,0,2016-04-16 08:18:00,P,0,0,0,10,12,10004,1,1|1
stn44,2016-04-16 08:28:00,P,0,2016-04-16 08:28:00,P,0,0,0,14,16,10004,1,1|1
stn43,2016-04-16 08:42:00,P,0,2016-04-16 08:42:00,P,0,0,0,6,7,10004,1,1|1
stn42,2016-04-16 08:48:00,P,0,2016-04-16 08:48:00,P,0,0,0,10,12,10004,1,1|1
stn41,2016-04-16 08:58:00,P,0,2016-04-16 08:58:00,P,0,0,0,10,12,10004,1,1|1
stn40,2016-04-16 09:08:00,P,0,2016-04-16 09:10:00,P,0,2,2,6,6,10004,1,1|1
stn39,2016-04-16 09:16:00,P,0,2016-04-16 09:16:00,P,0,0,0,8,7,10004,1,1|1
stn38,2016-04-16 09:24:00,P,0,2016-04-16 09:24:00,P,0,0,0,8,8,10004,1,1|1
stn37,2016-04-16 09:32:00,P,0,2016-04-16 09:32:00,P,0,0,0,14,14,10004,1,1|1
stn36,2016-04-16 09:46:00,P,0,2016-04-16 09:46:00,P,0,0,0,14,14,10004,1,1|1
stn35,2016-04-16 10:00:00,P,0,2016-04-16 10:10:00,P,0,10,10,5,6,10004,1,1|1
stn34,2016-04-16 10:15:00,P,0,2016-04-16 10:15:00,P,0,0,0,4,4,10004,1,1|1
stn33,2016-04-16 10:19:00,P,0,2016-04-16 10:19:00,P,0,0,0,13,14,10004,1,1|1
stn32,2016-04-16 10:32:00,P,0,2016-04-16 10:32:00,P,0,0,0,14,15,10004,1,1|1
stn31,2016-04-16 10:46:00,P,0,2016-04-16 10:46:00,P,0,0,0,9,9,10004,1,1|1
stn30,2016-04-16 10:55:00,P,0,2016-04-16 10:55:00,P,0,0,0,9,10,10004,1,1|1
stn29,2016-04-16 11:04:00,P,0,2016-04-16 11:04:00,P,0,0,0,6,8,10004,1,1|1
stn28,2016-04-16 11:10:00,P,0,2016-04-16 11:12:00,P,0,2,2,9,9,10004,1,1|1
stn27,2016-04-16 11:21:00,P,0,2016-04-16 11:21:00,P,0,0,0,8,9,10004,1,1|1
stn26,2016-04-16 11:29:00,P,0,2016-04-16 11:29:00,P,0,0,0,9,9,10004,1,1|1
stn25,2016-04-16 11:38:00,P,0,2016-04-16 11:38:00,P,0,0,0,15,15,10004,1,1|1
stn24,2016-04-16 11:53:00,P,0,2016-04-16 11:53:00,P,0,0,0,12,13,10004,1,1|1
stn23,2016-04-16 12:05:00,P,0,2016-04-16 12:05:00,P,0,0,0,13,13,10004,1,1|1
stn22,2016-04-16 12:18:00,P,0,2016-04-16 12:18:00,P,0,0,0,14,14,10004,1,1|1
stn21,2016-04-16 12:32:00,P,0,2016-04-16 12:32:00,P,0,0,0,14,14,10004,1,1|1
stn20,2016-04-16 12:46:00,P,0,2016-04-16 12:46:00,P,0,0,0,13,13,10004,1,1|1
stn19,2016-04-16 12:59:00,P,0,2016-04-16 12:59:00,P,0,0,0,13,14,10004,1,1|1
stn18,2016-04-16 13:12:00,P,0,2016-04-16 13:12:00,P,0,0,0,13,13,10004,1,1|1
stn17,2016-04-16 13:25:00,P,0,2016-04-16 13:30:00,P,0,5,5,7,6,10004,1,1|1
stn16,2016-04-16 13:37:00,P,0,2016-04-16 13:37:00,P,0,0,0,12,11,10004,1,1|1
stn15,2016-04-16 13:49:00,P,0,2016-04-16 13:49:00,P,0,0,0,13,12,10004,1,1|1
stn14,2016-04-16 14:02:00,P,0,2016-04-16 14:02:00,P,0,0,0,20,12,10004,1,1|1
stn13,2016-04-16 14:22:00,P,0,2016-04-16 14:22:00,P,0,0,0,4,8,10004,1,1|1
stn12,2016-04-16 14:26:00,P,0,2016-04-16 14:26:00,P,0,0,0,9,7,10004,1,1|1
stn11,2016-04-16 14:35:00,P,0,2016-04-16 14:35:00,P,0,0,0,9,8,10004,1,1|1
stn10,2016-04-16 14:44:00,P,0,2016-04-16 14:44:00,P,0,0,0,16,14,10004,1,1|1
stn09,2016-04-16 15:00:00,P,0,2016-04-16 15:00:00,P,0,0,0,13,11,10004,1,1|1
stn08,2016-04-16 15:13:00,P,0,2016-04-16 15:13:00,P,0,0,0,18,15,10004,1,1|1
stn07,2016-04-16 15:31:00,P,0,2016-04-16 15:31:00,P,0,0,0,10,6,10004,1,1|1
stn06,2016-04-16 15:41:00,P,0,2016-04-16 15:41:00,P,0,0,0,8,8,10004,1,1|1
stn05,2016-04-16 15:49:00,P,0,2016-04-16 15:49:00,P,0,0,0,15,14,10004,1,1|1
stn04,2016-04-16 16:04:00,P,0,2016-04-16 16:04:00,P,0,0,0,16,14,10004,1,1|1
stn03,2016-04-16 16:20:00,P,0,2016-04-16 16:20:00,P,0,0,0,18,15,10004,1,1|1
stn02,2016-04-16 16:38:00,P,0,2016-04-16 16:38:00,P,0,0,0,12,11,10004,1,1|1
stn01,2016-04-16 16:50:00,P,0,2016-04-16 16:50:00,P,0,0,0,0,0,10004,1,1|1
stn34,2016-04-16 15:28:00,P,0,2016-04-16 15:28:00,P,0,0,0,10,10,20001,2,1|1
stn35,2016-04-16 15:38:00,P,0,2016-04-16 15:43:00,P,0,5,5,0,0,20001,2,1|1
stn01,2016-04-16 08:06:00,P,0,2016-04-16 08:07:00,P,0,1,1,8,11,20002,2,1|1
stn02,2016-04-16 08:15:00,P,0,2016-04-16 08:15:00,P,0,0,0,11,16,20002,2,1|1
stn03,2016-04-16 08:26:00,P,0,2016-04-16 08:26:00,P,0,0,0,11,15,20002,2,1|1
stn04,2016-04-16 08:37:00,P,0,2016-04-16 08:37:00,P,0,0,0,10,14,20002,2,1|1
stn05,2016-04-16 08:47:00,P,0,2016-04-16 08:47:00,P,0,0,0,5,9,20002,2,1|1
stn06,2016-04-16 08:52:00,P,0,2016-04-16 08:52:00,P,0,0,0,6,7,20002,2,1|1
stn07,2016-04-16 08:58:00,P,0,2016-04-16 08:58:00,P,0,0,0,11,16,20002,2,1|1
stn08,2016-04-16 09:09:00,P,0,2016-04-16 09:09:00,P,0,0,0,9,12,20002,2,1|1
stn09,2016-04-16 09:18:00,P,0,2016-04-16 09:18:00,P,0,0,0,10,14,20002,2,1|1
stn10,2016-04-16 09:28:00,P,0,2016-04-16 09:30:00,P,0,2,2,9,9,20002,2,1|1
stn11,2016-04-16 09:39:00,P,0,2016-04-16 09:39:00,P,0,0,0,9,7,20002,2,1|1
stn12,2016-04-16 09:48:00,P,0,2016-04-16 09:48:00,P,0,0,0,3,9,20002,2,1|1
stn13,2016-04-16 09:51:00,P,0,2016-04-16 09:51:00,P,0,0,0,20,12,20002,2,1|1
stn14,2016-04-16 10:11:00,P,0,2016-04-16 10:11:00,P,0,0,0,13,12,20002,2,1|1
stn15,2016-04-16 10:24:00,P,0,2016-04-16 10:24:00,P,0,0,0,12,11,20002,2,1|1
stn16,2016-04-16 10:36:00,P,0,2016-04-16 10:36:00,P,0,0,0,6,6,20002,2,1|1
stn17,2016-04-16 10:42:00,P,0,2016-04-16 10:47:00,P,0,5,5,10,14,20002,2,1|1
stn18,2016-04-16 10:57:00,P,0,2016-04-16 10:57:00,P,0,0,0,10,15,20002,2,1|1
stn19,2016-04-16 11:07:00,P,0,2016-04-16 11:07:00,P,0,0,0,10,14,20002,2,1|1
stn20,2016-04-16 11:17:00,P,0,2016-04-16 11:17:00,P,0,0,0,11,15,20002,2,1|1
stn21,2016-04-16 11:28:00,P,0,2016-04-16 11:28:00,P,0,0,0,10,15,20002,2,1|1
stn22,2016-04-16 11:38:00,P,0,2016-04-16 11:38:00,P,0,0,0,10,14,20002,2,1|1
stn23,2016-04-16 11:48:00,P,0,2016-04-16 11:48:00,P,0,0,0,10,14,20002,2,1|1
stn24,2016-04-16 11:58:00,P,0,2016-04-16 12:00:00,P,0,2,2,14,16,20002,2,1|1
stn25,2016-04-16 12:14:00,P,0,2016-04-16 12:14:00,P,0,0,0,8,9,20002,2,1|1
stn26,2016-04-16 12:22:00,P,0,2016-04-16 12:24:00,P,0,2,2,8,9,20002,2,1|1
stn27,2016-04-16 12:32:00,P,0,2016-04-16 12:32:00,P,0,0,0,9,9,20002,2,1|1
stn28,2016-04-16 12:41:00,P,0,2016-04-16 12:41:00,P,0,0,0,6,8,20002,2,1|1
stn29,2016-04-16 12:47:00,P,0,2016-04-16 12:47:00,P,0,0,0,8,11,20002,2,1|1
stn30,2016-04-16 12:55:00,P,0,2016-04-16 12:55:00,P,0,0,0,9,10,20002,2,1|1
stn31,2016-04-16 13:04:00,P,0,2016-04-16 13:06:00,P,0,2,2,46,16,20002,2,1|1
stn32,2016-04-16 13:52:00,P,0,2016-04-16 13:54:00,P,0,2,2,11,14,20002,2,1|1
stn33,2016-04-16 14:05:00,P,0,2016-04-16 14:05:00,P,0,0,0,3,4,20002,2,1|1
stn34,2016-04-16 14:08:00,P,0,2016-04-16 14:08:00,P,0,0,0,4,7,20002,2,1|1
stn35,2016-04-16 14:12:00,P,0,2016-04-16 14:12:00,P,0,0,0,0,0,20002,2,1|1
stn35,2016-04-16 15:04:00,P,0,2016-04-16 15:04:00,P,0,0,0,4,6,20003,2,1|1
stn34,2016-04-16 15:08:00,P,0,2016-04-16 15:08:00,P,0,0,0,3,4,20003,2,1|1
stn33,2016-04-16 15:11:00,P,0,2016-04-16 15:11:00,P,0,0,0,11,14,20003,2,1|1
stn32,2016-04-16 15:22:00,P,0,2016-04-16 15:24:00,P,0,2,2,14,15,20003,2,1|1
stn31,2016-04-16 15:38:00,P,0,2016-04-16 15:40:00,P,0,2,2,9,9,20003,2,1|1
stn30,2016-04-16 15:49:00,P,0,2016-04-16 15:49:00,P,0,0,0,8,10,20003,2,1|1
stn29,2016-04-16 15:57:00,P,0,2016-04-16 15:57:00,P,0,0,0,6,8,20003,2,1|1
stn28,2016-04-16 16:03:00,P,0,2016-04-16 16:03:00,P,0,0,0,9,9,20003,2,1|1
stn27,2016-04-16 16:12:00,P,0,2016-04-16 16:12:00,P,0,0,0,8,9,20003,2,1|1
stn26,2016-04-16 16:20:00,P,0,2016-04-16 16:22:00,P,0,2,2,7,9,20003,2,1|1
stn25,2016-04-16 16:29:00,P,0,2016-04-16 16:29:00,P,0,0,0,13,16,20003,2,1|1
stn24,2016-04-16 16:42:00,P,0,2016-04-16 16:44:00,P,0,2,2,13,14,20003,2,1|1
stn23,2016-04-16 16:57:00,P,0,2016-04-16 16:57:00,P,0,0,0,13,14,20003,2,1|1
stn22,2016-04-16 17:10:00,P,0,2016-04-16 17:10:00,P,0,0,0,15,14,20003,2,1|1
stn21,2016-04-16 17:25:00,P,0,2016-04-16 17:25:00,P,0,0,0,14,15,20003,2,1|1
stn20,2016-04-16 17:39:00,P,0,2016-04-16 17:39:00,P,0,0,0,13,14,20003,2,1|1
stn19,2016-04-16 17:52:00,P,0,2016-04-16 17:52:00,P,0,0,0,14,14,20003,2,1|1
stn18,2016-04-16 18:06:00,P,0,2016-04-16 18:06:00,P,0,0,0,13,13,20003,2,1|1
stn17,2016-04-16 18:19:00,P,0,2016-04-16 18:24:00,P,0,5,5,5,6,20003,2,1|1
stn16,2016-04-16 18:29:00,P,0,2016-04-16 18:29:00,P,0,0,0,8,11,20003,2,1|1
stn15,2016-04-16 18:37:00,P,0,2016-04-16 18:37:00,P,0,0,0,10,12,20003,2,1|1
stn14,2016-04-16 18:47:00,P,0,2016-04-16 18:47:00,P,0,0,0,14,12,20003,2,1|1
stn13,2016-04-16 19:01:00,P,0,2016-04-16 19:01:00,P,0,0,0,3,9,20003,2,1|1
stn12,2016-04-16 19:04:00,P,0,2016-04-16 19:04:00,P,0,0,0,6,7,20003,2,1|1
stn11,2016-04-16 19:10:00,P,0,2016-04-16 19:10:00,P,0,0,0,7,8,20003,2,1|1
stn10,2016-04-16 19:17:00,P,0,2016-04-16 19:19:00,P,0,2,2,13,14,20003,2,1|1
stn09,2016-04-16 19:32:00,P,0,2016-04-16 19:32:00,P,0,0,0,11,12,20003,2,1|1
stn08,2016-04-16 19:43:00,P,0,2016-04-16 19:43:00,P,0,0,0,14,16,20003,2,1|1
stn07,2016-04-16 19:57:00,P,0,2016-04-16 19:57:00,P,0,0,0,8,6,20003,2,1|1
stn06,2016-04-16 20:05:00,P,0,2016-04-16 20:05:00,P,0,0,0,7,9,20003,2,1|1
stn05,2016-04-16 20:12:00,P,0,2016-04-16 20:12:00,P,0,0,0,13,14,20003,2,1|1
stn04,2016-04-16 20:25:00,P,0,2016-04-16 20:25:00,P,0,0,0,13,15,20003,2,1|1
stn03,2016-04-16 20:38:00,P,0,2016-04-16 20:38:00,P,0,0,0,14,15,20003,2,1|1
stn02,2016-04-16 20:52:00,P,0,2016-04-16 20:52:00,P,0,0,0,11,11,20003,2,1|1
stn01,2016-04-16 21:03:00,P,0,2016-04-16 21:04:00,P,0,1,1,0,0,20003,2,1|1
stn01,2016-04-16 00:36:00,P,0,2016-04-16 00:36:00,P,0,0,0,11,12,20004,2,1|1
stn02,2016-04-16 00:47:00,P,0,2016-04-16 00:47:00,P,0,0,0,14,17,20004,2,1|1
stn03,2016-04-16 01:01:00,P,0,2016-04-16 01:01:00,P,0,0,0,14,16,20004,2,1|1
stn04,2016-04-16 01:15:00,P,0,2016-04-16 01:15:00,P,0,0,0,13,15,20004,2,1|1
stn05,2016-04-16 01:28:00,P,0,2016-04-16 01:28:00,P,0,0,0,7,10,20004,2,1|1
stn06,2016-04-16 01:35:00,P,0,2016-04-16 01:35:00,P,0,0,0,9,7,20004,2,1|1
stn07,2016-04-16 01:44:00,P,0,2016-04-16 01:44:00,P,0,0,0,14,17,20004,2,1|1
stn08,2016-04-16 01:58:00,P,0,2016-04-16 01:58:00,P,0,0,0,11,13,20004,2,1|1
stn09,2016-04-16 02:09:00,P,0,2016-04-16 02:09:00,P,0,0,0,14,16,20004,2,1|1
stn10,2016-04-16 02:23:00,P,0,2016-04-16 02:23:00,P,0,0,0,8,9,20004,2,1|1
stn11,2016-04-16 02:31:00,P,0,2016-04-16 02:31:00,P,0,0,0,7,8,20004,2,1|1
stn12,2016-04-16 02:38:00,P,0,2016-04-16 02:38:00,P,0,0,0,4,10,20004,2,1|1
stn13,2016-04-16 02:42:00,P,0,2016-04-16 02:42:00,P,0,0,0,17,13,20004,2,1|1
stn14,2016-04-16 02:59:00,P,0,2016-04-16 02:59:00,P,0,0,0,11,13,20004,2,1|1
stn15,2016-04-16 03:10:00,P,0,2016-04-16 03:10:00,P,0,0,0,10,12,20004,2,1|1
stn16,2016-04-16 03:20:00,P,0,2016-04-16 03:20:00,P,0,0,0,6,7,20004,2,1|1
stn17,2016-04-16 03:26:00,P,0,2016-04-16 03:31:00,P,0,5,5,12,15,20004,2,1|1
stn18,2016-04-16 03:43:00,P,0,2016-04-16 03:43:00,P,0,0,0,12,16,20004,2,1|1
stn19,2016-04-16 03:55:00,P,0,2016-04-16 03:55:00,P,0,0,0,12,15,20004,2,1|1
stn20,2016-04-16 04:07:00,P,0,2016-04-16 04:07:00,P,0,0,0,13,16,20004,2,1|1
stn21,2016-04-16 04:20:00,P,0,2016-04-16 04:20:00,P,0,0,0,12,16,20004,2,1|1
stn22,2016-04-16 04:32:00,P,0,2016-04-16 04:32:00,P,0,0,0,12,15,20004,2,1|1
stn23,2016-04-16 04:44:00,P,0,2016-04-16 04:44:00,P,0,0,0,12,15,20004,2,1|1
stn24,2016-04-16 04:56:00,P,0,2016-04-16 04:57:00,P,0,1,1,16,17,20004,2,1|1
stn25,2016-04-16 05:13:00,P,0,2016-04-16 05:13:00,P,0,0,0,9,10,20004,2,1|1
stn26,2016-04-16 05:22:00,P,0,2016-04-16 05:22:00,P,0,0,0,9,10,20004,2,1|1
stn27,2016-04-16 05:31:00,P,0,2016-04-16 05:31:00,P,0,0,0,9,10,20004,2,1|1
stn28,2016-04-16 05:40:00,P,0,2016-04-16 05:40:00,P,0,0,0,7,9,20004,2,1|1
stn29,2016-04-16 05:47:00,P,0,2016-04-16 05:47:00,P,0,0,0,10,12,20004,2,1|1
stn30,2016-04-16 05:57:00,P,0,2016-04-16 05:57:00,P,0,0,0,9,10,20004,2,1|1
stn31,2016-04-16 06:06:00,P,0,2016-04-16 06:06:00,P,0,0,0,16,17,20004,2,1|1
stn32,2016-04-16 06:22:00,P,0,2016-04-16 06:22:00,P,0,0,0,14,15,20004,2,1|1
stn33,2016-04-16 06:36:00,P,0,2016-04-16 06:36:00,P,0,0,0,4,5,20004,2,1|1
stn34,2016-04-16 06:40:00,P,0,2016-04-16 06:40:00,P,0,0,0,6,7,20004,2,1|1
stn35,2016-04-16 06:46:00,P,0,2016-04-16 06:56:00,P,0,10,10,17,16,20004,2,1|1
stn36,2016-04-16 07:13:00,P,0,2016-04-16 07:13:00,P,0,0,0,16,16,20004,2,1|1
stn37,2016-04-16 07:29:00,P,0,2016-04-16 07:29:00,P,0,0,0,10,9,20004,2,1|1
stn38,2016-04-16 07:39:00,P,0,2016-04-16 07:39:00,P,0,0,0,9,8,20004,2,1|1
stn39,2016-04-16 07:48:00,P,0,2016-04-16 07:48:00,P,0,0,0,8,7,20004,2,1|1
stn40,2016-04-16 07:56:00,P,0,2016-04-16 07:57:00,P,0,1,1,12,13,20004,2,1|1
stn41,2016-04-16 08:09:00,P,0,2016-04-16 08:09:00,P,0,0,0,13,14,20004,2,1|1
stn42,2016-04-16 08:22:00,P,0,2016-04-16 08:22:00,P,0,0,0,7,7,20004,2,1|1
stn43,2016-04-16 08:29:00,P,0,2016-04-16 08:29:00,P,0,0,0,17,19,20004,2,1|1
stn44,2016-04-16 08:46:00,P,0,2016-04-16 08:47:00,P,0,1,1,14,13,20004,2,1|1
stn45,2016-04-16 09:01:00,P,0,2016-04-16 09:01:00,P,0,0,0,18,17,20004,2,1|1
stn46,2016-04-16 09:19:00,P,0,2016-04-16 09:19:00,P,0,0,0,9,8,20004,2,1|1
stn47,2016-04-16 09:28:00,P,0,2016-04-16 09:28:00,P,0,0,0,15,14,20004,2,1|1
stn48,2016-04-16 09:43:00,P,0,2016-04-16 09:44:00,P,0,1,1,6,7,20004,2,1|1
stn49,2016-04-16 09:50:00,P,0,2016-04-16 09:50:00,P,0,0,0,13,13,20004,2,1|1
stn50,2016-04-16 10:03:00,P,0,2016-04-16 10:03:00,P,0,0,0,11,13,20004,2,1|1
stn51,2016-04-16 10:14:00,P,0,2016-04-16 10:14:00,P,0,0,0,12,13,20004,2,1|1
stn52,2016-04-16 10:26:00,P,0,2016-04-16 10:27:00,P,0,1,1,14,15,20004,2,1|1
stn53,2016-04-16 10:41:00,P,0,2016-04-16 10:41:00,P,0,0,0,15,16,20004,2,1|1
stn54,2016-04-16 10:56:00,P,0,2016-04-16 10:57:00,P,0,1,1,19,16,20004,2,1|1
stn55,2016-04-16 11:16:00,P,0,2016-04-16 11:16:00,P,0,0,0,11,9,20004,2,1|1
stn56,2016-04-16 11:27:00,P,0,2016-04-16 11:27:00,P,0,0,0,8,7,20004,2,1|1
stn57,2016-04-16 11:35:00,P,0,2016-04-16 11:35:00,P,0,0,0,11,9,20004,2,1|1
stn58,2016-04-16 11:46:00,P,0,2016-04-16 11:47:00,P,0,1,1,8,4,20004,2,1|1
stn59,2016-04-16 11:55:00,P,0,2016-04-16 11:55:00,P,0,0,0,0,0,20004,2,1|1
stn59,2016-04-15 14:20:00,P,0,2016-04-15 14:20:00,P,0,0,0,6,4,20005,2,1|1
stn58,2016-04-15 14:26:00,P,0,2016-04-15 14:27:00,P,0,1,1,7,8,20005,2,1|1
stn57,2016-04-15 14:34:00,P,0,2016-04-15 14:34:00,P,0,0,0,5,7,20005,2,1|1
stn56,2016-04-15 14:39:00,P,0,2016-04-15 14:39:00,P,0,0,0,7,8,20005,2,1|1
stn55,2016-04-15 14:46:00,P,0,2016-04-15 14:46:00,P,0,0,0,12,16,20005,2,1|1
stn54,2016-04-15 14:58:00,P,0,2016-04-15 14:59:00,P,0,1,1,14,16,20005,2,1|1
stn53,2016-04-15 15:13:00,P,0,2016-04-15 15:13:00,P,0,0,0,13,15,20005,2,1|1
stn52,2016-04-15 15:26:00,P,0,2016-04-15 15:27:00,P,0,1,1,7,13,20005,2,1|1
stn51,2016-04-15 15:34:00,P,0,2016-04-15 15:34:00,P,0,0,0,8,13,20005,2,1|1
stn50,2016-04-15 15:42:00,P,0,2016-04-15 15:42:00,P,0,0,0,17,13,20005,2,1|1
stn49,2016-04-15 15:59:00,P,0,2016-04-15 15:59:00,P,0,0,0,12,7,20005,2,1|1
stn48,2016-04-15 16:11:00,P,0,2016-04-15 16:12:00,P,0,1,1,12,14,20005,2,1|1
stn47,2016-04-15 16:24:00,P,0,2016-04-15 16:24:00,P,0,0,0,7,8,20005,2,1|1
stn46,2016-04-15 16:31:00,P,0,2016-04-15 16:31:00,P,0,0,0,15,17,20005,2,1|1
stn45,2016-04-15 16:46:00,P,0,2016-04-15 16:46:00,P,0,0,0,11,13,20005,2,1|1
stn44,2016-04-15 16:57:00,P,0,2016-04-15 16:58:00,P,0,1,1,16,18,20005,2,1|1
stn43,2016-04-15 17:14:00,P,0,2016-04-15 17:14:00,P,0,0,0,7,7,20005,2,1|1
stn42,2016-04-15 17:21:00,P,0,2016-04-15 17:21:00,P,0,0,0,12,14,20005,2,1|1
stn41,2016-04-15 17:33:00,P,0,2016-04-15 17:33:00,P,0,0,0,11,13,20005,2,1|1
stn40,2016-04-15 17:44:00,P,0,2016-04-15 17:45:00,P,0,1,1,7,7,20005,2,1|1
stn39,2016-04-15 17:52:00,P,0,2016-04-15 17:52:00,P,0,0,0,9,7,20005,2,1|1
stn38,2016-04-15 18:01:00,P,0,2016-04-15 18:01:00,P,0,0,0,8,9,20005,2,1|1
stn37,2016-04-15 18:09:00,P,0,2016-04-15 18:09:00,P,0,0,0,15,16,20005,2,1|1
stn36,2016-04-15 18:24:00,P,0,2016-04-15 18:24:00,P,0,0,0,16,15,20005,2,1|1
stn35,2016-04-15 18:40:00,P,0,2016-04-15 18:50:00,P,0,10,10,5,7,20005,2,1|1
stn34,2016-04-15 18:55:00,P,0,2016-04-15 18:55:00,P,0,0,0,4,4,20005,2,1|1
stn33,2016-04-15 18:59:00,P,0,2016-04-15 18:59:00,P,0,0,0,13,15,20005,2,1|1
stn32,2016-04-15 19:12:00,P,0,2016-04-15 19:12:00,P,0,0,0,14,17,20005,2,1|1
stn31,2016-04-15 19:26:00,P,0,2016-04-15 19:26:00,P,0,0,0,8,10,20005,2,1|1
stn30,2016-04-15 19:34:00,P,0,2016-04-15 19:34:00,P,0,0,0,9,11,20005,2,1|1
stn29,2016-04-15 19:43:00,P,0,2016-04-15 19:43:00,P,0,0,0,6,9,20005,2,1|1
stn28,2016-04-15 19:49:00,P,0,2016-04-15 19:49:00,P,0,0,0,8,10,20005,2,1|1
stn27,2016-04-15 19:57:00,P,0,2016-04-15 19:57:00,P,0,0,0,9,10,20005,2,1|1
stn26,2016-04-15 20:06:00,P,0,2016-04-15 20:06:00,P,0,0,0,8,10,20005,2,1|1
stn25,2016-04-15 20:14:00,P,0,2016-04-15 20:14:00,P,0,0,0,14,17,20005,2,1|1
stn24,2016-04-15 20:28:00,P,0,2016-04-15 20:29:00,P,0,1,1,15,15,20005,2,1|1
stn23,2016-04-15 20:44:00,P,0,2016-04-15 20:44:00,P,0,0,0,15,15,20005,2,1|1
stn22,2016-04-15 20:59:00,P,0,2016-04-15 20:59:00,P,0,0,0,15,16,20005,2,1|1
stn21,2016-04-15 21:14:00,P,0,2016-04-15 21:14:00,P,0,0,0,16,16,20005,2,1|1
stn20,2016-04-15 21:30:00,P,0,2016-04-15 21:30:00,P,0,0,0,15,15,20005,2,1|1
stn19,2016-04-15 21:45:00,P,0,2016-04-15 21:45:00,P,0,0,0,15,16,20005,2,1|1
stn18,2016-04-15 22:00:00,P,0,2016-04-15 22:00:00,P,0,0,0,15,15,20005,2,1|1
stn17,2016-04-15 22:15:00,P,0,2016-04-15 22:20:00,P,0,5,5,6,7,20005,2,1|1
stn16,2016-04-15 22:26:00,P,0,2016-04-15 22:26:00,P,0,0,0,10,12,20005,2,1|1
stn15,2016-04-15 22:36:00,P,0,2016-04-15 22:36:00,P,0,0,0,12,13,20005,2,1|1
stn14,2016-04-15 22:48:00,P,0,2016-04-15 22:48:00,P,0,0,0,18,13,20005,2,1|1
stn13,2016-04-15 23:06:00,P,0,2016-04-15 23:06:00,P,0,0,0,3,9,20005,2,1|1
stn12,2016-04-15 23:09:00,P,0,2016-04-15 23:09:00,P,0,0,0,8,8,20005,2,1|1
stn11,2016-04-15 23:17:00,P,0,2016-04-15 23:17:00,P,0,0,0,8,9,20005,2,1|1
stn10,2016-04-15 23:25:00,P,0,2016-04-15 23:25:00,P,0,0,0,14,15,20005,2,1|1
stn09,2016-04-15 23:39:00,P,0,2016-04-15 23:39:00,P,0,0,0,11,13,20005,2,1|1
stn08,2016-04-15 23:50:00,P,0,2016-04-15 23:50:00,P,0,0,0,16,17,20005,2,1|1
stn07,2016-04-16 00:06:00,P,0,2016-04-16 00:06:00,P,0,0,0,8,7,20005,2,1|1
stn06,2016-04-16 00:14:00,P,0,2016-04-16 00:14:00,P,0,0,0,7,9,20005,2,1|1
stn05,2016-04-16 00:21:00,P,0,2016-04-16 00:21:00,P,0,0,0,14,15,20005,2,1|1
stn04,2016-04-16 00:35:00,P,0,2016-04-16 00:35:00,P,0,0,0,14,16,20005,2,1|1
stn03,2016-04-16 00:49:00,P,0,2016-04-16 00:49:00,P,0,0,0,15,17,20005,2,1|1
stn02,2016-04-16 01:04:00,P,0,2016-04-16 01:04:00,P,0,0,0,11,12,20005,2,1|1
stn01,2016-04-16 01:15:00,P,0,2016-04-16 01:15:00,P,0,0,0,0,0,20005,2,1|1
stn59,2016-04-16 14:37:00,P,0,2016-04-16 14:37:00,P,0,0,0,6,4,20006,2,1|1
stn58,2016-04-16 14:43:00,P,0,2016-04-16 14:44:00,P,0,1,1,7,8,20006,2,1|1
stn57,2016-04-16 14:51:00,P,0,2016-04-16 14:51:00,P,0,0,0,5,7,20006,2,1|1
stn56,2016-04-16 14:56:00,P,0,2016-04-16 14:56:00,P,0,0,0,7,8,20006,2,1|1
stn55,2016-04-16 15:03:00,P,0,2016-04-16 15:03:00,P,0,0,0,12,16,20006,2,1|1
stn54,2016-04-16 15:15:00,P,0,2016-04-16 15:16:00,P,0,1,1,14,16,20006,2,1|1
stn53,2016-04-16 15:30:00,P,0,2016-04-16 15:30:00,P,0,0,0,13,15,20006,2,1|1
stn52,2016-04-16 15:43:00,P,0,2016-04-16 15:44:00,P,0,1,1,7,13,20006,2,1|1
stn51,2016-04-16 15:51:00,P,0,2016-04-16 15:51:00,P,0,0,0,8,13,20006,2,1|1
stn50,2016-04-16 15:59:00,P,0,2016-04-16 15:59:00,P,0,0,0,17,13,20006,2,1|1
stn49,2016-04-16 16:16:00,P,0,2016-04-16 16:16:00,P,0,0,0,12,7,20006,2,1|1
stn48,2016-04-16 16:28:00,P,0,2016-04-16 16:29:00,P,0,1,1,12,14,20006,2,1|1
stn47,2016-04-16 16:41:00,P,0,2016-04-16 16:41:00,P,0,0,0,7,8,20006,2,1|1
stn46,2016-04-16 16:48:00,P,0,2016-04-16 16:48:00,P,0,0,0,15,17,20006,2,1|1
stn45,2016-04-16 17:03:00,P,0,2016-04-16 17:03:00,P,0,0,0,11,13,20006,2,1|1
stn44,2016-04-16 17:14:00,P,0,2016-04-16 17:15:00,P,0,1,1,16,18,20006,2,1|1
stn43,2016-04-16 17:31:00,P,0,2016-04-16 17:31:00,P,0,0,0,7,7,20006,2,1|1
stn42,2016-04-16 17:38:00,P,0,2016-04-16 17:38:00,P,0,0,0,12,14,20006,2,1|1
stn41,2016-04-16 17:50:00,P,0,2016-04-16 17:50:00,P,0,0,0,11,13,20006,2,1|1
stn40,2016-04-16 18:01:00,P,0,2016-04-16 18:02:00,P,0,1,1,7,7,20006,2,1|1
stn39,2016-04-16 18:09:00,P,0,2016-04-16 18:09:00,P,0,0,0,9,7,20006,2,1|1
stn38,2016-04-16 18:18:00,P,0,2016-04-16 18:18:00,P,0,0,0,8,9,20006,2,1|1
stn37,2016-04-16 18:26:00,P,0,2016-04-16 18:26:00,P,0,0,0,15,16,20006,2,1|1
stn36,2016-04-16 18:41:00,P,0,2016-04-16 18:41:00,P,0,0,0,16,15,20006,2,1|1
stn35,2016-04-16 18:57:00,P,0,2016-04-16 19:07:00,P,0,10,10,5,7,20006,2,1|1
stn34,2016-04-16 19:12:00,P,0,2016-04-16 19:12:00,P,0,0,0,4,4,20006,2,1|1
stn33,2016-04-16 19:16:00,P,0,2016-04-16 19:16:00,P,0,0,0,13,15,20006,2,1|1
stn32,2016-04-16 19:29:00,P,0,2016-04-16 19:29:00,P,0,0,0,14,17,20006,2,1|1
stn31,2016-04-16 19:43:00,P,0,2016-04-16 19:43:00,P,0,0,0,8,10,20006,2,1|1
stn30,2016-04-16 19:51:00,P,0,2016-04-16 19:51:00,P,0,0,0,9,11,20006,2,1|1
stn29,2016-04-16 20:00:00,P,0,2016-04-16 20:00:00,P,0,0,0,6,9,20006,2,1|1
stn28,2016-04-16 20:06:00,P,0,2016-04-16 20:06:00,P,0,0,0,8,10,20006,2,1|1
stn27,2016-04-16 20:14:00,P,0,2016-04-16 20:14:00,P,0,0,0,9,10,20006,2,1|1
stn26,2016-04-16 20:23:00,P,0,2016-04-16 20:23:00,P,0,0,0,8,10,20006,2,1|1
stn25,2016-04-16 20:31:00,P,0,2016-04-16 20:31:00,P,0,0,0,14,17,20006,2,1|1
stn24,2016-04-16 20:45:00,P,0,2016-04-16 20:46:00,P,0,1,1,15,15,20006,2,1|1
stn23,2016-04-16 21:01:00,P,0,2016-04-16 21:01:00,P,0,0,0,15,15,20006,2,1|1
stn22,2016-04-16 21:16:00,P,0,2016-04-16 21:16:00,P,0,0,0,15,16,20006,2,1|1
stn21,2016-04-16 21:31:00,P,0,2016-04-16 21:31:00,P,0,0,0,16,16,20006,2,1|1
stn20,2016-04-16 21:47:00,P,0,2016-04-16 21:47:00,P,0,0,0,15,15,20006,2,1|1
stn19,2016-04-16 22:02:00,P,0,2016-04-16 22:02:00,P,0,0,0,15,16,20006,2,1|1
stn18,2016-04-16 22:17:00,P,0,2016-04-16 22:17:00,P,0,0,0,15,15,20006,2,1|1
stn17,2016-04-16 22:32:00,P,0,2016-04-16 22:37:00,P,0,5,5,6,7,20006,2,1|1
stn16,2016-04-16 22:43:00,P,0,2016-04-16 22:43:00,P,0,0,0,10,12,20006,2,1|1
stn15,2016-04-16 22:53:00,P,0,2016-04-16 22:53:00,P,0,0,0,12,13,20006,2,1|1
stn14,2016-04-16 23:05:00,P,0,2016-04-16 23:05:00,P,0,0,0,18,13,20006,2,1|1
stn13,2016-04-16 23:23:00,P,0,2016-04-16 23:23:00,P,0,0,0,3,9,20006,2,1|1
stn12,2016-04-16 23:26:00,P,0,2016-04-16 23:26:00,P,0,0,0,8,8,20006,2,1|1
stn11,2016-04-16 23:34:00,P,0,2016-04-16 23:34:00,P,0,0,0,8,9,20006,2,1|1
stn10,2016-04-16 23:42:00,P,0,2016-04-16 23:42:00,P,0,0,0,14,15,20006,2,1|1
stn09,2016-04-16 23:56:00,P,0,2016-04-16 23:56:00,P,0,0,0,11,13,20006,2,1|1
stn08,2016-04-17 00:07:00,P,0,2016-04-17 00:07:00,P,0,0,0,16,17,20006,2,1|1
stn07,2016-04-17 00:23:00,P,0,2016-04-17 00:23:00,P,0,0,0,8,7,20006,2,1|1
stn06,2016-04-17 00:31:00,P,0,2016-04-17 00:31:00,P,0,0,0,7,9,20006,2,1|1
stn05,2016-04-17 00:38:00,P,0,2016-04-17 00:38:00,P,0,0,0,14,15,20006,2,1|1
stn04,2016-04-17 00:52:00,P,0,2016-04-17 00:52:00,P,0,0,0,14,16,20006,2,1|1
stn03,2016-04-17 01:06:00,P,0,2016-04-17 01:06:00,P,0,0,0,15,17,20006,2,1|1
stn02,2016-04-17 01:21:00,P,0,2016-04-17 01:21:00,P,0,0,0,11,12,20006,2,1|1
stn01,2016-04-17 01:32:00,P,0,2016-04-17 01:32:00,P,0,0,0,0,0,20006,2,1|1
stn01,2016-04-15 19:18:00,P,0,2016-04-15 19:18:00,P,0,0,0,13,14,20007,2,1|1
stn02,2016-04-15 19:31:00,P,0,2016-04-15 19:31:00,P,0,0,0,18,19,20007,2,1|1
stn03,2016-04-15 19:49:00,P,0,2016-04-15 19:49:00,P,0,0,0,18,18,20007,2,1|1
stn04,2016-04-15 20:07:00,P,0,2016-04-15 20:07:00,P,0,0,0,16,17,20007,2,1|1
stn05,2016-04-15 20:23:00,P,0,2016-04-15 20:23:00,P,0,0,0,8,11,20007,2,1|1
stn06,2016-04-15 20:31:00,P,0,2016-04-15 20:31:00,P,0,0,0,11,8,20007,2,1|1
stn07,2016-04-15 20:42:00,P,0,2016-04-15 20:42:00,P,0,0,0,18,19,20007,2,1|1
stn08,2016-04-15 21:00:00,P,0,2016-04-15 21:00:00,P,0,0,0,14,14,20007,2,1|1
stn09,2016-04-15 21:14:00,P,0,2016-04-15 21:14:00,P,0,0,0,17,17,20007,2,1|1
stn10,2016-04-15 21:31:00,P,0,2016-04-15 21:31:00,P,0,0,0,10,10,20007,2,1|1
stn11,2016-04-15 21:41:00,P,0,2016-04-15 21:41:00,P,0,0,0,9,9,20007,2,1|1
stn12,2016-04-15 21:50:00,P,0,2016-04-15 21:50:00,P,0,0,0,4,11,20007,2,1|1
stn13,2016-04-15 21:54:00,P,0,2016-04-15 21:54:00,P,0,0,0,21,15,20007,2,1|1
stn14,2016-04-15 22:15:00,P,0,2016-04-15 22:15:00,P,0,0,0,14,15,20007,2,1|1
stn15,2016-04-15 22:29:00,P,0,2016-04-15 22:29:00,P,0,0,0,13,13,20007,2,1|1
stn16,2016-04-15 22:42:00,P,0,2016-04-15 22:42:00,P,0,0,0,7,7,20007,2,1|1
stn17,2016-04-15 22:49:00,P,0,2016-04-15 22:54:00,P,0,5,5,11,17,20007,2,1|1
stn18,2016-04-15 23:05:00,P,0,2016-04-15 23:05:00,P,0,0,0,11,18,20007,2,1|1
stn19,2016-04-15 23:16:00,P,0,2016-04-15 23:16:00,P,0,0,0,11,17,20007,2,1|1
stn20,2016-04-15 23:27:00,P,0,2016-04-15 23:27:00,P,0,0,0,12,18,20007,2,1|1
stn21,2016-04-15 23:39:00,P,0,2016-04-15 23:39:00,P,0,0,0,12,18,20007,2,1|1
stn22,2016-04-15 23:51:00,P,0,2016-04-15 23:51:00,P,0,0,0,11,17,20007,2,1|1
stn23,2016-04-16 00:02:00,P,0,2016-04-16 00:02:00,P,0,0,0,10,17,20007,2,1|1
stn24,2016-04-16 00:12:00,P,0,2016-04-16 00:12:00,P,0,0,0,13,19,20007,2,1|1
stn25,2016-04-16 00:25:00,P,0,2016-04-16 00:25:00,P,0,0,0,7,11,20007,2,1|1
stn26,2016-04-16 00:32:00,P,0,2016-04-16 00:32:00,P,0,0,0,8,11,20007,2,1|1
stn27,2016-04-16 00:40:00,P,0,2016-04-16 00:40:00,P,0,0,0,7,11,20007,2,1|1
stn28,2016-04-16 00:47:00,P,0,2016-04-16 00:49:00,P,0,2,2,6,10,20007,2,1|1
stn29,2016-04-16 00:55:00,P,0,2016-04-16 00:55:00,P,0,0,0,9,13,20007,2,1|1
stn30,2016-04-16 01:04:00,P,0,2016-04-16 01:04:00,P,0,0,0,9,12,20007,2,1|1
stn31,2016-04-16 01:13:00,P,0,2016-04-16 01:13:00,P,0,0,0,14,19,20007,2,1|1
stn32,2016-04-16 01:27:00,P,0,2016-04-16 01:29:00,P,0,2,2,21,17,20007,2,1|1
stn33,2016-04-16 01:50:00,P,0,2016-04-16 01:50:00,P,0,0,0,6,5,20007,2,1|1
stn34,2016-04-16 01:56:00,P,0,2016-04-16 01:56:00,P,0,0,0,8,8,20007,2,1|1
stn35,2016-04-16 02:04:00,P,0,2016-04-16 02:14:00,P,0,10,10,16,17,20007,2,1|1
stn36,2016-04-16 02:30:00,P,0,2016-04-16 02:30:00,P,0,0,0,16,18,20007,2,1|1
stn37,2016-04-16 02:46:00,P,0,2016-04-16 02:46:00,P,0,0,0,9,11,20007,2,1|1
stn38,2016-04-16 02:55:00,P,0,2016-04-16 02:55:00,P,0,0,0,9,8,20007,2,1|1
stn39,2016-04-16 03:04:00,P,0,2016-04-16 03:04:00,P,0,0,0,7,8,20007,2,1|1
stn40,2016-04-16 03:11:00,P,0,2016-04-16 03:13:00,P,0,2,2,14,15,20007,2,1|1
stn41,2016-04-16 03:27:00,P,0,2016-04-16 03:27:00,P,0,0,0,14,15,20007,2,1|1
stn42,2016-04-16 03:41:00,P,0,2016-04-16 03:43:00,P,0,2,2,7,8,20007,2,1|1
stn43,2016-04-16 03:50:00,P,0,2016-04-16 03:50:00,P,0,0,0,16,21,20007,2,1|1
stn44,2016-04-16 04:06:00,P,0,2016-04-16 04:06:00,P,0,0,0,12,15,20007,2,1|1
stn45,2016-04-16 04:18:00,P,0,2016-04-16 04:18:00,P,0,0,0,15,19,20007,2,1|1
stn46,2016-04-16 04:33:00,P,0,2016-04-16 04:33:00,P,0,0,0,7,9,20007,2,1|1
stn47,2016-04-16 04:40:00,P,0,2016-04-16 04:40:00,P,0,0,0,13,16,20007,2,1|1
stn48,2016-04-16 04:53:00,P,0,2016-04-16 04:53:00,P,0,0,0,6,8,20007,2,1|1
stn49,2016-04-16 04:59:00,P,0,2016-04-16 04:59:00,P,0,0,0,12,15,20007,2,1|1
stn50,2016-04-16 05:11:00,P,0,2016-04-16 05:13:00,P,0,2,2,13,15,20007,2,1|1
stn51,2016-04-16 05:26:00,P,0,2016-04-16 05:26:00,P,0,0,0,13,15,20007,2,1|1
stn52,2016-04-16 05:39:00,P,0,2016-04-16 05:39:00,P,0,0,0,15,17,20007,2,1|1
stn53,2016-04-16 05:54:00,P,0,2016-04-16 05:54:00,P,0,0,0,15,18,20007,2,1|1
stn54,2016-04-16 06:09:00,P,0,2016-04-16 06:11:00,P,0,2,2,27,18,20007,2,1|1
stn55,2016-04-16 06:38:00,P,0,2016-04-16 06:38:00,P,0,0,0,15,10,20007,2,1|1
stn56,2016-04-16 06:53:00,P,0,2016-04-16 06:53:00,P,0,0,0,12,8,20007,2,1|1
stn57,2016-04-16 07:05:00,P,0,2016-04-16 07:05:00,P,0,0,0,15,10,20007,2,1|1
stn58,2016-04-16 07:20:00,P,0,2016-04-16 07:20:00,P,0,0,0,7,5,20007,2,1|1
stn59,2016-04-16 07:27:00,P,0,2016-04-16 07:27:00,P,0,0,0,0,0,20007,2,1|1
stn59,2016-04-15 20:46:00,P,0,2016-04-15 20:46:00,P,0,0,0,4,5,20008,2,1|1
stn58,2016-04-15 20:50:00,P,0,2016-04-15 20:50:00,P,0,0,0,10,9,20008,2,1|1
stn57,2016-04-15 21:00:00,P,0,2016-04-15 21:00:00,P,0,0,0,7,8,20008,2,1|1
stn56,2016-04-15 21:07:00,P,0,2016-04-15 21:07:00,P,0,0,0,9,9,20008,2,1|1
stn55,2016-04-15 21:16:00,P,0,2016-04-15 21:16:00,P,0,0,0,17,17,20008,2,1|1
stn54,2016-04-15 21:33:00,P,0,2016-04-15 21:35:00,P,0,2,2,14,17,20008,2,1|1
stn53,2016-04-15 21:49:00,P,0,2016-04-15 21:49:00,P,0,0,0,13,16,20008,2,1|1
stn52,2016-04-15 22:02:00,P,0,2016-04-15 22:02:00,P,0,0,0,12,15,20008,2,1|1
stn51,2016-04-15 22:14:00,P,0,2016-04-15 22:14:00,P,0,0,0,12,15,20008,2,1|1
stn50,2016-04-15 22:26:00,P,0,2016-04-15 22:26:00,P,0,0,0,11,15,20008,2,1|1
stn49,2016-04-15 22:37:00,P,0,2016-04-15 22:37:00,P,0,0,0,7,8,20008,2,1|1
stn48,2016-04-15 22:44:00,P,0,2016-04-15 22:44:00,P,0,0,0,12,16,20008,2,1|1
stn47,2016-04-15 22:56:00,P,0,2016-04-15 22:56:00,P,0,0,0,7,9,20008,2,1|1
stn46,2016-04-15 23:03:00,P,0,2016-04-15 23:03:00,P,0,0,0,15,19,20008,2,1|1
stn45,2016-04-15 23:18:00,P,0,2016-04-15 23:18:00,P,0,0,0,12,15,20008,2,1|1
stn44,2016-04-15 23:30:00,P,0,2016-04-15 23:30:00,P,0,0,0,16,20,20008,2,1|1
stn43,2016-04-15 23:46:00,P,0,2016-04-15 23:46:00,P,0,0,0,7,8,20008,2,1|1
stn42,2016-04-15 23:53:00,P,0,2016-04-15 23:53:00,P,0,0,0,12,15,20008,2,1|1
stn41,2016-04-16 00:05:00,P,0,2016-04-16 00:05:00,P,0,0,0,12,14,20008,2,1|1
stn40,2016-04-16 00:17:00,P,0,2016-04-16 00:17:00,P,0,0,0,6,8,20008,2,1|1
stn39,2016-04-16 00:23:00,P,0,2016-04-16 00:23:00,P,0,0,0,9,8,20008,2,1|1
stn38,2016-04-16 00:32:00,P,0,2016-04-16 00:32:00,P,0,0,0,8,10,20008,2,1|1
stn37,2016-04-16 00:40:00,P,0,2016-04-16 00:40:00,P,0,0,0,14,18,20008,2,1|1
stn36,2016-04-16 00:54:00,P,0,2016-04-16 00:54:00,P,0,0,0,15,17,20008,2,1|1
stn35,2016-04-16 01:09:00,P,0,2016-04-16 01:19:00,P,0,10,10,7,8,20008,2,1|1
stn34,2016-04-16 01:26:00,P,0,2016-04-16 01:26:00,P,0,0,0,5,5,20008,2,1|1
stn33,2016-04-16 01:31:00,P,0,2016-04-16 01:31:00,P,0,0,0,18,17,20008,2,1|1
stn32,2016-04-16 01:49:00,P,0,2016-04-16 01:49:00,P,0,0,0,19,18,20008,2,1|1
stn31,2016-04-16 02:08:00,P,0,2016-04-16 02:08:00,P,0,0,0,12,11,20008,2,1|1
stn30,2016-04-16 02:20:00,P,0,2016-04-16 02:20:00,P,0,0,0,12,13,20008,2,1|1
stn29,2016-04-16 02:32:00,P,0,2016-04-16 02:32:00,P,0,0,0,9,10,20008,2,1|1
stn28,2016-04-16 02:41:00,P,0,2016-04-16 02:41:00,P,0,0,0,11,11,20008,2,1|1
stn27,2016-04-16 02:52:00,P,0,2016-04-16 02:52:00,P,0,0,0,12,11,20008,2,1|1
stn26,2016-04-16 03:04:00,P,0,2016-04-16 03:04:00,P,0,0,0,11,11,20008,2,1|1
stn25,2016-04-16 03:15:00,P,0,2016-04-16 03:15:00,P,0,0,0,20,19,20008,2,1|1
stn24,2016-04-16 03:35:00,P,0,2016-04-16 03:35:00,P,0,0,0,17,16,20008,2,1|1
stn23,2016-04-16 03:52:00,P,0,2016-04-16 03:52:00,P,0,0,0,17,17,20008,2,1|1
stn22,2016-04-16 04:09:00,P,0,2016-04-16 04:09:00,P,0,0,0,18,17,20008,2,1|1
stn21,2016-04-16 04:27:00,P,0,2016-04-16 04:27:00,P,0,0,0,18,18,20008,2,1|1
stn20,2016-04-16 04:45:00,P,0,2016-04-16 04:45:00,P,0,0,0,18,17,20008,2,1|1
stn19,2016-04-16 05:03:00,P,0,2016-04-16 05:03:00,P,0,0,0,17,17,20008,2,1|1
stn18,2016-04-16 05:20:00,P,0,2016-04-16 05:20:00,P,0,0,0,17,16,20008,2,1|1
stn17,2016-04-16 05:37:00,P,0,2016-04-16 05:37:00,P,0,0,0,7,7,20008,2,1|1
stn16,2016-04-16 05:44:00,P,0,2016-04-16 05:44:00,P,0,0,0,14,13,20008,2,1|1
stn15,2016-04-16 05:58:00,P,0,2016-04-16 05:58:00,P,0,0,0,15,14,20008,2,1|1
stn14,2016-04-16 06:13:00,P,0,2016-04-16 06:13:00,P,0,0,0,23,15,20008,2,1|1
stn13,2016-04-16 06:36:00,P,0,2016-04-16 06:36:00,P,0,0,0,4,11,20008,2,1|1
stn12,2016-04-16 06:40:00,P,0,2016-04-16 06:40:00,P,0,0,0,9,9,20008,2,1|1
stn11,2016-04-16 06:49:00,P,0,2016-04-16 06:49:00,P,0,0,0,11,10,20008,2,1|1
stn10,2016-04-16 07:00:00,P,0,2016-04-16 07:00:00,P,0,0,0,18,17,20008,2,1|1
stn09,2016-04-16 07:18:00,P,0,2016-04-16 07:18:00,P,0,0,0,15,14,20008,2,1|1
stn08,2016-04-16 07:33:00,P,0,2016-04-16 07:33:00,P,0,0,0,19,19,20008,2,1|1
stn07,2016-04-16 07:52:00,P,0,2016-04-16 07:52:00,P,0,0,0,11,8,20008,2,1|1
stn06,2016-04-16 08:03:00,P,0,2016-04-16 08:03:00,P,0,0,0,9,11,20008,2,1|1
stn05,2016-04-16 08:12:00,P,0,2016-04-16 08:12:00,P,0,0,0,17,17,20008,2,1|1
stn04,2016-04-16 08:29:00,P,0,2016-04-16 08:29:00,P,0,0,0,18,18,20008,2,1|1
stn03,2016-04-16 08:47:00,P,0,2016-04-16 08:47:00,P,0,0,0,19,18,20008,2,1|1
stn02,2016-04-16 09:06:00,P,0,2016-04-16 09:06:00,P,0,0,0,15,14,20008,2,1|1
stn01,2016-04-16 09:21:00,P,0,2016-04-16 09:21:00,P,0,0,0,0,0,20008,2,1|1
stn59,2016-04-15 22:53:00,P,0,2016-04-15 22:53:00,P,0,0,0,4,4,20009,2,1|1
stn58,2016-04-15 22:57:00,P,0,2016-04-15 22:57:00,P,0,0,0,10,9,20009,2,1|1
stn57,2016-04-15 23:07:00,P,0,2016-04-15 23:07:00,P,0,0,0,8,7,20009,2,1|1
stn56,2016-04-15 23:15:00,P,0,2016-04-15 23:15:00,P,0,0,0,9,9,20009,2,1|1
stn55,2016-04-15 23:24:00,P,0,2016-04-15 23:24:00,P,0,0,0,17,17,20009,2,1|1
stn54,2016-04-15 23:41:00,P,0,2016-04-15 23:42:00,P,0,1,1,16,17,20009,2,1|1
stn53,2016-04-15 23:58:00,P,0,2016-04-15 23:58:00,P,0,0,0,15,16,20009,2,1|1
stn52,2016-04-16 00:13:00,P,0,2016-04-16 00:14:00,P,0,1,1,11,14,20009,2,1|1
stn51,2016-04-16 00:25:00,P,0,2016-04-16 00:25:00,P,0,0,0,11,14,20009,2,1|1
stn50,2016-04-16 00:36:00,P,0,2016-04-16 00:36:00,P,0,0,0,11,14,20009,2,1|1
stn49,2016-04-16 00:47:00,P,0,2016-04-16 00:47:00,P,0,0,0,6,8,20009,2,1|1
stn48,2016-04-16 00:53:00,P,0,2016-04-16 00:54:00,P,0,1,1,13,15,20009,2,1|1
stn47,2016-04-16 01:07:00,P,0,2016-04-16 01:07:00,P,0,0,0,7,8,20009,2,1|1
stn46,2016-04-16 01:14:00,P,0,2016-04-16 01:14:00,P,0,0,0,16,18,20009,2,1|1
stn45,2016-04-16 01:30:00,P,0,2016-04-16 01:30:00,P,0,0,0,12,14,20009,2,1|1
stn44,2016-04-16 01:42:00,P,0,2016-04-16 01:42:00,P,0,0,0,17,20,20009,2,1|1
stn43,2016-04-16 01:59:00,P,0,2016-04-16 01:59:00,P,0,0,0,7,8,20009,2,1|1
stn42,2016-04-16 02:06:00,P,0,2016-04-16 02:06:00,P,0,0,0,13,15,20009,2,1|1
stn41,2016-04-16 02:19:00,P,0,2016-04-16 02:19:00,P,0,0,0,12,14,20009,2,1|1
stn40,2016-04-16 02:31:00,P,0,2016-04-16 02:32:00,P,0,1,1,8,8,20009,2,1|1
stn39,2016-04-16 02:40:00,P,0,2016-04-16 02:40:00,P,0,0,0,10,8,20009,2,1|1
stn38,2016-04-16 02:50:00,P,0,2016-04-16 02:50:00,P,0,0,0,10,10,20009,2,1|1
stn37,2016-04-16 03:00:00,P,0,2016-04-16 03:00:00,P,0,0,0,18,17,20009,2,1|1
stn36,2016-04-16 03:18:00,P,0,2016-04-16 03:18:00,P,0,0,0,18,17,20009,2,1|1
stn35,2016-04-16 03:36:00,P,0,2016-04-16 03:46:00,P,0,10,10,8,8,20009,2,1|1
stn34,2016-04-16 03:54:00,P,0,2016-04-16 03:54:00,P,0,0,0,7,5,20009,2,1|1
stn33,2016-04-16 04:01:00,P,0,2016-04-16 04:01:00,P,0,0,0,21,16,20009,2,1|1
stn32,2016-04-16 04:22:00,P,0,2016-04-16 04:22:00,P,0,0,0,23,18,20009,2,1|1
stn31,2016-04-16 04:45:00,P,0,2016-04-16 04:46:00,P,0,1,1,13,11,20009,2,1|1
stn30,2016-04-16 04:59:00,P,0,2016-04-16 04:59:00,P,0,0,0,13,12,20009,2,1|1
stn29,2016-04-16 05:12:00,P,0,2016-04-16 05:12:00,P,0,0,0,9,10,20009,2,1|1
stn28,2016-04-16 05:21:00,P,0,2016-04-16 05:21:00,P,0,0,0,12,11,20009,2,1|1
stn27,2016-04-16 05:33:00,P,0,2016-04-16 05:33:00,P,0,0,0,12,10,20009,2,1|1
stn26,2016-04-16 05:45:00,P,0,2016-04-16 05:45:00,P,0,0,0,13,11,20009,2,1|1
stn25,2016-04-16 05:58:00,P,0,2016-04-16 05:58:00,P,0,0,0,21,18,20009,2,1|1
stn24,2016-04-16 06:19:00,P,0,2016-04-16 06:20:00,P,0,1,1,15,16,20009,2,1|1
stn23,2016-04-16 06:35:00,P,0,2016-04-16 06:35:00,P,0,0,0,16,16,20009,2,1|1
stn22,2016-04-16 06:51:00,P,0,2016-04-16 06:51:00,P,0,0,0,16,17,20009,2,1|1
stn21,2016-04-16 07:07:00,P,0,2016-04-16 07:07:00,P,0,0,0,17,17,20009,2,1|1
stn20,2016-04-16 07:24:00,P,0,2016-04-16 07:24:00,P,0,0,0,16,16,20009,2,1|1
stn19,2016-04-16 07:40:00,P,0,2016-04-16 07:40:00,P,0,0,0,16,17,20009,2,1|1
stn18,2016-04-16 07:56:00,P,0,2016-04-16 07:56:00,P,0,0,0,15,16,20009,2,1|1
stn17,2016-04-16 08:11:00,P,0,2016-04-16 08:16:00,P,0,5,5,5,7,20009,2,1|1
stn16,2016-04-16 08:21:00,P,0,2016-04-16 08:21:00,P,0,0,0,10,13,20009,2,1|1
stn15,2016-04-16 08:31:00,P,0,2016-04-16 08:31:00,P,0,0,0,11,14,20009,2,1|1
stn14,2016-04-16 08:42:00,P,0,2016-04-16 08:42:00,P,0,0,0,16,14,20009,2,1|1
stn13,2016-04-16 08:58:00,P,0,2016-04-16 08:58:00,P,0,0,0,3,10,20009,2,1|1
stn12,2016-04-16 09:01:00,P,0,2016-04-16 09:01:00,P,0,0,0,6,9,20009,2,1|1
stn11,2016-04-16 09:07:00,P,0,2016-04-16 09:07:00,P,0,0,0,8,10,20009,2,1|1
stn10,2016-04-16 09:15:00,P,0,2016-04-16 09:16:00,P,0,1,1,20,17,20009,2,1|1
stn09,2016-04-16 09:36:00,P,0,2016-04-16 09:36:00,P,0,0,0,17,14,20009,2,1|1
stn08,2016-04-16 09:53:00,P,0,2016-04-16 09:53:00,P,0,0,0,22,18,20009,2,1|1
stn07,2016-04-16 10:15:00,P,0,2016-04-16 10:15:00,P,0,0,0,13,8,20009,2,1|1
stn06,2016-04-16 10:28:00,P,0,2016-04-16 10:28:00,P,0,0,0,10,10,20009,2,1|1
stn05,2016-04-16 10:38:00,P,0,2016-04-16 10:38:00,P,0,0,0,19,16,20009,2,1|1
stn04,2016-04-16 10:57:00,P,0,2016-04-16 10:57:00,P,0,0,0,21,17,20009,2,1|1
stn03,2016-04-16 11:18:00,P,0,2016-04-16 11:18:00,P,0,0,0,22,18,20009,2,1|1
stn02,2016-04-16 11:40:00,P,0,2016-04-16 11:40:00,P,0,0,0,16,13,20009,2,1|1
stn01,2016-04-16 11:56:00,P,0,2016-04-16 11:56:00,P,0,0,0,0,0,20009,2,1|1
stn59,2016-04-16 22:12:00,P,0,2016-04-16 22:12:00,P,0,0,0,4,4,20010,2,1|1
stn58,2016-04-16 22:16:00,P,0,2016-04-16 22:16:00,P,0,0,0,10,9,20010,2,1|1
stn57,2016-04-16 22:26:00,P,0,2016-04-16 22:26:00,P,0,0,0,8,7,20010,2,1|1
stn56,2016-04-16 22:34:00,P,0,2016-04-16 22:34:00,P,0,0,0,9,9,20010,2,1|1
stn55,2016-04-16 22:43:00,P,0,2016-04-16 22:43:00,P,0,0,0,17,17,20010,2,1|1
stn54,2016-04-16 23:00:00,P,0,2016-04-16 23:01:00,P,0,1,1,16,17,20010,2,1|1
stn53,2016-04-16 23:17:00,P,0,2016-04-16 23:17:00,P,0,0,0,15,16,20010,2,1|1
stn52,2016-04-16 23:32:00,P,0,2016-04-16 23:33:00,P,0,1,1,11,14,20010,2,1|1
stn51,2016-04-16 23:44:00,P,0,2016-04-16 23:44:00,P,0,0,0,11,14,20010,2,1|1
stn50,2016-04-16 23:55:00,P,0,2016-04-16 23:55:00,P,0,0,0,11,14,20010,2,1|1
stn49,2016-04-17 00:06:00,P,0,2016-04-17 00:06:00,P,0,0,0,6,8,20010,2,1|1
stn48,2016-04-17 00:12:00,P,0,2016-04-17 00:13:00,P,0,1,1,13,15,20010,2,1|1
stn47,2016-04-17 00:26:00,P,0,2016-04-17 00:26:00,P,0,0,0,7,8,20010,2,1|1
stn46,2016-04-17 00:33:00,P,0,2016-04-17 00:33:00,P,0,0,0,16,18,20010,2,1|1
stn45,2016-04-17 00:49:00,P,0,2016-04-17 00:49:00,P,0,0,0,12,14,20010,2,1|1
stn44,2016-04-17 01:01:00,P,0,2016-04-17 01:01:00,P,0,0,0,17,20,20010,2,1|1
stn43,2016-04-17 01:18:00,P,0,2016-04-17 01:18:00,P,0,0,0,7,8,20010,2,1|1
stn42,2016-04-17 01:25:00,P,0,2016-04-17 01:25:00,P,0,0,0,13,15,20010,2,1|1
stn41,2016-04-17 01:38:00,P,0,2016-04-17 01:38:00,P,0,0,0,12,14,20010,2,1|1
stn40,2016-04-17 01:50:00,P,0,2016-04-17 01:51:00,P,0,1,1,8,8,20010,2,1|1
stn39,2016-04-17 01:59:00,P,0,2016-04-17 01:59:00,P,0,0,0,10,8,20010,2,1|1
stn38,2016-04-17 02:09:00,P,0,2016-04-17 02:09:00,P,0,0,0,10,10,20010,2,1|1
stn37,2016-04-17 02:19:00,P,0,2016-04-17 02:19:00,P,0,0,0,18,17,20010,2,1|1
stn36,2016-04-17 02:37:00,P,0,2016-04-17 02:37:00,P,0,0,0,18,17,20010,2,1|1
stn35,2016-04-17 02:55:00,P,0,2016-04-17 03:05:00,P,0,10,10,8,8,20010,2,1|1
stn34,2016-04-17 03:13:00,P,0,2016-04-17 03:13:00,P,0,0,0,7,5,20010,2,1|1
stn33,2016-04-17 03:20:00,P,0,2016-04-17 03:20:00,P,0,0,0,21,16,20010,2,1|1
stn32,2016-04-17 03:41:00,P,0,2016-04-17 03:41:00,P,0,0,0,23,18,20010,2,1|1
stn31,2016-04-17 04:04:00,P,0,2016-04-17 04:05:00,P,0,1,1,13,11,20010,2,1|1
stn30,2016-04-17 04:18:00,P,0,2016-04-17 04:18:00,P,0,0,0,13,12,20010,2,1|1
stn29,2016-04-17 04:31:00,P,0,2016-04-17 04:31:00,P,0,0,0,9,10,20010,2,1|1
stn28,2016-04-17 04:40:00,P,0,2016-04-17 04:40:00,P,0,0,0,12,11,20010,2,1|1
stn27,2016-04-17 04:52:00,P,0,2016-04-17 04:52:00,P,0,0,0,12,10,20010,2,1|1
stn26,2016-04-17 05:04:00,P,0,2016-04-17 05:04:00,P,0,0,0,13,11,20010,2,1|1
stn25,2016-04-17 05:17:00,P,0,2016-04-17 05:17:00,P,0,0,0,21,18,20010,2,1|1
stn24,2016-04-17 05:38:00,P,0,2016-04-17 05:39:00,P,0,1,1,15,16,20010,2,1|1
stn23,2016-04-17 05:54:00,P,0,2016-04-17 05:54:00,P,0,0,0,16,16,20010,2,1|1
stn22,2016-04-17 06:10:00,P,0,2016-04-17 06:10:00,P,0,0,0,16,17,20010,2,1|1
stn21,2016-04-17 06:26:00,P,0,2016-04-17 06:26:00,P,0,0,0,17,17,20010,2,1|1
stn20,2016-04-17 06:43:00,P,0,2016-04-17 06:43:00,P,0,0,0,16,16,20010,2,1|1
stn19,2016-04-17 06:59:00,P,0,2016-04-17 06:59:00,P,0,0,0,16,17,20010,2,1|1
stn18,2016-04-17 07:15:00,P,0,2016-04-17 07:15:00,P,0,0,0,15,16,20010,2,1|1
stn17,2016-04-17 07:30:00,P,0,2016-04-17 07:35:00,P,0,5,5,5,7,20010,2,1|1
stn16,2016-04-17 07:40:00,P,0,2016-04-17 07:40:00,P,0,0,0,10,13,20010,2,1|1
stn15,2016-04-17 07:50:00,P,0,2016-04-17 07:50:00,P,0,0,0,11,14,20010,2,1|1
stn14,2016-04-17 08:01:00,P,0,2016-04-17 08:01:00,P,0,0,0,16,14,20010,2,1|1
stn13,2016-04-17 08:17:00,P,0,2016-04-17 08:17:00,P,0,0,0,3,10,20010,2,1|1
stn12,2016-04-17 08:20:00,P,0,2016-04-17 08:20:00,P,0,0,0,6,9,20010,2,1|1
stn11,2016-04-17 08:26:00,P,0,2016-04-17 08:26:00,P,0,0,0,8,10,20010,2,1|1
stn10,2016-04-17 08:34:00,P,0,2016-04-17 08:35:00,P,0,1,1,20,17,20010,2,1|1
stn09,2016-04-17 08:55:00,P,0,2016-04-17 08:55:00,P,0,0,0,17,14,20010,2,1|1
stn08,2016-04-17 09:12:00,P,0,2016-04-17 09:12:00,P,0,0,0,22,18,20010,2,1|1
stn07,2016-04-17 09:34:00,P,0,2016-04-17 09:34:00,P,0,0,0,13,8,20010,2,1|1
stn06,2016-04-17 09:47:00,P,0,2016-04-17 09:47:00,P,0,0,0,10,10,20010,2,1|1
stn05,2016-04-17 09:57:00,P,0,2016-04-17 09:57:00,P,0,0,0,19,16,20010,2,1|1
stn04,2016-04-17 10:16:00,P,0,2016-04-17 10:16:00,P,0,0,0,21,17,20010,2,1|1
stn03,2016-04-17 10:37:00,P,0,2016-04-17 10:37:00,P,0,0,0,22,18,20010,2,1|1
stn02,2016-04-17 10:59:00,P,0,2016-04-17 10:59:00,P,0,0,0,16,13,20010,2,1|1
stn01,2016-04-17 11:15:00,P,0,2016-04-17 11:15:00,P,0,0,0,0,0,20010,2,1|1
stn01,2016-04-15 11:15:00,P,0,2016-04-15 11:15:00,P,0,0,0,11,13,20011,2,1|1
stn02,2016-04-15 11:26:00,P,0,2016-04-15 11:26:00,P,0,0,0,14,18,20011,2,1|1
stn03,2016-04-15 11:40:00,P,0,2016-04-15 11:40:00,P,0,0,0,14,17,20011,2,1|1
stn04,2016-04-15 11:54:00,P,0,2016-04-15 11:54:00,P,0,0,0,13,17,20011,2,1|1
stn05,2016-04-15 12:07:00,P,0,2016-04-15 12:07:00,P,0,0,0,6,10,20011,2,1|1
stn06,2016-04-15 12:13:00,P,0,2016-04-15 12:13:00,P,0,0,0,8,8,20011,2,1|1
stn07,2016-04-15 12:21:00,P,0,2016-04-15 12:21:00,P,0,0,0,15,18,20011,2,1|1
stn08,2016-04-15 12:36:00,P,0,2016-04-15 12:36:00,P,0,0,0,11,14,20011,2,1|1
stn09,2016-04-15 12:47:00,P,0,2016-04-15 12:47:00,P,0,0,0,13,17,20011,2,1|1
stn10,2016-04-15 13:00:00,P,0,2016-04-15 13:02:00,P,0,2,2,16,10,20011,2,1|1
stn11,2016-04-15 13:18:00,P,0,2016-04-15 13:18:00,P,0,0,0,14,9,20011,2,1|1
stn12,2016-04-15 13:32:00,P,0,2016-04-15 13:32:00,P,0,0,0,6,10,20011,2,1|1
stn13,2016-04-15 13:38:00,P,0,2016-04-15 13:38:00,P,0,0,0,34,14,20011,2,1|1
stn14,2016-04-15 14:12:00,P,0,2016-04-15 14:12:00,P,0,0,0,22,14,20011,2,1|1
stn15,2016-04-15 14:34:00,P,0,2016-04-15 14:34:00,P,0,0,0,20,13,20011,2,1|1
stn16,2016-04-15 14:54:00,P,0,2016-04-15 14:54:00,P,0,0,0,11,7,20011,2,1|1
stn17,2016-04-15 15:05:00,P,0,2016-04-15 15:10:00,P,0,5,5,12,16,20011,2,1|1
stn18,2016-04-15 15:22:00,P,0,2016-04-15 15:22:00,P,0,0,0,13,17,20011,2,1|1
stn19,2016-04-15 15:35:00,P,0,2016-04-15 15:35:00,P,0,0,0,12,16,20011,2,1|1
stn20,2016-04-15 15:47:00,P,0,2016-04-15 15:47:00,P,0,0,0,13,17,20011,2,1|1
stn21,2016-04-15 16:00:00,P,0,2016-04-15 16:00:00,P,0,0,0,13,17,20011,2,1|1
stn22,2016-04-15 16:13:00,P,0,2016-04-15 16:13:00,P,0,0,0,13,16,20011,2,1|1
stn23,2016-04-15 16:26:00,P,0,2016-04-15 16:26:00,P,0,0,0,12,16,20011,2,1|1
stn24,2016-04-15 16:38:00,P,0,2016-04-15 16:40:00,P,0,2,2,17,18,20011,2,1|1
stn25,2016-04-15 16:57:00,P,0,2016-04-15 16:57:00,P,0,0,0,10,11,20011,2,1|1
stn26,2016-04-15 17:07:00,P,0,2016-04-15 17:07:00,P,0,0,0,10,10,20011,2,1|1
stn27,2016-04-15 17:17:00,P,0,2016-04-15 17:17:00,P,0,0,0,11,11,20011,2,1|1
stn28,2016-04-15 17:28:00,P,0,2016-04-15 17:28:00,P,0,0,0,7,10,20011,2,1|1
stn29,2016-04-15 17:35:00,P,0,2016-04-15 17:35:00,P,0,0,0,10,12,20011,2,1|1
stn30,2016-04-15 17:45:00,P,0,2016-04-15 17:45:00,P,0,0,0,11,11,20011,2,1|1
stn31,2016-04-15 17:56:00,P,0,2016-04-15 17:58:00,P,0,2,2,28,18,20011,2,1|1
stn32,2016-04-15 18:26:00,P,0,2016-04-15 18:26:00,P,0,0,0,26,17,20011,2,1|1
stn33,2016-04-15 18:52:00,P,0,2016-04-15 18:52:00,P,0,0,0,8,5,20011,2,1|1
stn34,2016-04-15 19:00:00,P,0,2016-04-15 19:00:00,P,0,0,0,10,8,20011,2,1|1
stn35,2016-04-15 19:10:00,P,0,2016-04-15 19:20:00,P,0,10,10,22,17,20011,2,1|1
stn36,2016-04-15 19:42:00,P,0,2016-04-15 19:42:00,P,0,0,0,20,17,20011,2,1|1
stn37,2016-04-15 20:02:00,P,0,2016-04-15 20:02:00,P,0,0,0,13,10,20011,2,1|1
stn38,2016-04-15 20:15:00,P,0,2016-04-15 20:15:00,P,0,0,0,11,8,20011,2,1|1
stn39,2016-04-15 20:26:00,P,0,2016-04-15 20:26:00,P,0,0,0,10,8,20011,2,1|1
stn40,2016-04-15 20:36:00,P,0,2016-04-15 20:38:00,P,0,2,2,10,14,20011,2,1|1
stn41,2016-04-15 20:48:00,P,0,2016-04-15 20:48:00,P,0,0,0,10,15,20011,2,1|1
stn42,2016-04-15 20:58:00,P,0,2016-04-15 20:58:00,P,0,0,0,6,8,20011,2,1|1
stn43,2016-04-15 21:04:00,P,0,2016-04-15 21:04:00,P,0,0,0,14,20,20011,2,1|1
stn44,2016-04-15 21:18:00,P,0,2016-04-15 21:18:00,P,0,0,0,10,14,20011,2,1|1
stn45,2016-04-15 21:28:00,P,0,2016-04-15 21:28:00,P,0,0,0,13,19,20011,2,1|1
stn46,2016-04-15 21:41:00,P,0,2016-04-15 21:41:00,P,0,0,0,6,9,20011,2,1|1
stn47,2016-04-15 21:47:00,P,0,2016-04-15 21:47:00,P,0,0,0,11,15,20011,2,1|1
stn48,2016-04-15 21:58:00,P,0,2016-04-15 22:00:00,P,0,2,2,6,8,20011,2,1|1
stn49,2016-04-15 22:06:00,P,0,2016-04-15 22:06:00,P,0,0,0,11,14,20011,2,1|1
stn50,2016-04-15 22:17:00,P,0,2016-04-15 22:17:00,P,0,0,0,12,14,20011,2,1|1
stn51,2016-04-15 22:29:00,P,0,2016-04-15 22:29:00,P,0,0,0,11,14,20011,2,1|1
stn52,2016-04-15 22:40:00,P,0,2016-04-15 22:42:00,P,0,2,2,11,16,20011,2,1|1
stn53,2016-04-15 22:53:00,P,0,2016-04-15 22:53:00,P,0,0,0,11,17,20011,2,1|1
stn54,2016-04-15 23:04:00,P,0,2016-04-15 23:06:00,P,0,2,2,24,17,20011,2,1|1
stn55,2016-04-15 23:30:00,P,0,2016-04-15 23:30:00,P,0,0,0,14,9,20011,2,1|1
stn56,2016-04-15 23:44:00,P,0,2016-04-15 23:44:00,P,0,0,0,11,7,20011,2,1|1
stn57,2016-04-15 23:55:00,P,0,2016-04-15 23:55:00,P,0,0,0,14,9,20011,2,1|1
stn58,2016-04-16 00:09:00,P,0,2016-04-16 00:09:00,P,0,0,0,6,4,20011,2,1|1
stn59,2016-04-16 00:15:00,P,0,2016-04-16 00:15:00,P,0,0,0,0,0,20011,2,1|1
stn01,2016-04-16 11:04:00,P,0,2016-04-16 11:04:00,P,0,0,0,11,13,20012,2,1|1
stn02,2016-04-16 11:15:00,P,0,2016-04-16 11:15:00,P,0,0,0,14,18,20012,2,1|1
stn03,2016-04-16 11:29:00,P,0,2016-04-16 11:29:00,P,0,0,0,14,17,20012,2,1|1
stn04,2016-04-16 11:43:00,P,0,2016-04-16 11:43:00,P,0,0,0,13,17,20012,2,1|1
stn05,2016-04-16 11:56:00,P,0,2016-04-16 11:56:00,P,0,0,0,6,10,20012,2,1|1
stn06,2016-04-16 12:02:00,P,0,2016-04-16 12:02:00,P,0,0,0,8,8,20012,2,1|1
stn07,2016-04-16 12:10:00,P,0,2016-04-16 12:10:00,P,0,0,0,15,18,20012,2,1|1
stn08,2016-04-16 12:25:00,P,0,2016-04-16 12:25:00,P,0,0,0,11,14,20012,2,1|1
stn09,2016-04-16 12:36:00,P,0,2016-04-16 12:36:00,P,0,0,0,13,17,20012,2,1|1
stn10,2016-04-16 12:49:00,P,0,2016-04-16 12:51:00,P,0,2,2,16,10,20012,2,1|1
stn11,2016-04-16 13:07:00,P,0,2016-04-16 13:07:00,P,0,0,0,14,9,20012,2,1|1
stn12,2016-04-16 13:21:00,P,0,2016-04-16 13:21:00,P,0,0,0,6,10,20012,2,1|1
stn13,2016-04-16 13:27:00,P,0,2016-04-16 13:27:00,P,0,0,0,34,14,20012,2,1|1
stn14,2016-04-16 14:01:00,P,0,2016-04-16 14:01:00,P,0,0,0,22,14,20012,2,1|1
stn15,2016-04-16 14:23:00,P,0,2016-04-16 14:23:00,P,0,0,0,20,13,20012,2,1|1
stn16,2016-04-16 14:43:00,P,0,2016-04-16 14:43:00,P,0,0,0,11,7,20012,2,1|1
stn17,2016-04-16 14:54:00,P,0,2016-04-16 14:59:00,P,0,5,5,12,16,20012,2,1|1
stn18,2016-04-16 15:11:00,P,0,2016-04-16 15:11:00,P,0,0,0,13,17,20012,2,1|1
stn19,2016-04-16 15:24:00,P,0,2016-04-16 15:24:00,P,0,0,0,12,16,20012,2,1|1
stn20,2016-04-16 15:36:00,P,0,2016-04-16 15:36:00,P,0,0,0,13,17,20012,2,1|1
stn21,2016-04-16 15:49:00,P,0,2016-04-16 15:49:00,P,0,0,0,13,17,20012,2,1|1
stn22,2016-04-16 16:02:00,P,0,2016-04-16 16:02:00,P,0,0,0,13,16,20012,2,1|1
stn23,2016-04-16 16:15:00,P,0,2016-04-16 16:15:00,P,0,0,0,12,16,20012,2,1|1
stn24,2016-04-16 16:27:00,P,0,2016-04-16 16:29:00,P,0,2,2,17,18,20012,2,1|1
stn25,2016-04-16 16:46:00,P,0,2016-04-16 16:46:00,P,0,0,0,10,11,20012,2,1|1
stn26,2016-04-16 16:56:00,P,0,2016-04-16 16:56:00,P,0,0,0,10,10,20012,2,1|1
stn27,2016-04-16 17:06:00,P,0,2016-04-16 17:06:00,P,0,0,0,11,11,20012,2,1|1
stn28,2016-04-16 17:17:00,P,0,2016-04-16 17:17:00,P,0,0,0,7,10,20012,2,1|1
stn29,2016-04-16 17:24:00,P,0,2016-04-16 17:24:00,P,0,0,0,10,12,20012,2,1|1
stn30,2016-04-16 17:34:00,P,0,2016-04-16 17:34:00,P,0,0,0,11,11,20012,2,1|1
stn31,2016-04-16 17:45:00,P,0,2016-04-16 17:47:00,P,0,2,2,28,18,20012,2,1|1
stn32,2016-04-16 18:15:00,P,0,2016-04-16 18:15:00,P,0,0,0,26,17,20012,2,1|1
stn33,2016-04-16 18:41:00,P,0,2016-04-16 18:41:00,P,0,0,0,8,5,20012,2,1|1
stn34,2016-04-16 18:49:00,P,0,2016-04-16 18:49:00,P,0,0,0,10,8,20012,2,1|1
stn35,2016-04-16 18:59:00,P,0,2016-04-16 19:09:00,P,0,10,10,22,17,20012,2,1|1
stn36,2016-04-16 19:31:00,P,0,2016-04-16 19:31:00,P,0,0,0,20,17,20012,2,1|1
stn37,2016-04-16 19:51:00,P,0,2016-04-16 19:51:00,P,0,0,0,13,10,20012,2,1|1
stn38,2016-04-16 20:04:00,P,0,2016-04-16 20:04:00,P,0,0,0,11,8,20012,2,1|1
stn39,2016-04-16 20:15:00,P,0,2016-04-16 20:15:00,P,0,0,0,10,8,20012,2,1|1
stn40,2016-04-16 20:25:00,P,0,2016-04-16 20:27:00,P,0,2,2,10,14,20012,2,1|1
stn41,2016-04-16 20:37:00,P,0,2016-04-16 20:37:00,P,0,0,0,10,15,20012,2,1|1
stn42,2016-04-16 20:47:00,P,0,2016-04-16 20:47:00,P,0,0,0,6,8,20012,2,1|1
stn43,2016-04-16 20:53:00,P,0,2016-04-16 20:53:00,P,0,0,0,14,20,20012,2,1|1
stn44,2016-04-16 21:07:00,P,0,2016-04-16 21:07:00,P,0,0,0,10,14,20012,2,1|1
stn45,2016-04-16 21:17:00,P,0,2016-04-16 21:17:00,P,0,0,0,13,19,20012,2,1|1
stn46,2016-04-16 21:30:00,P,0,2016-04-16 21:30:00,P,0,0,0,6,9,20012,2,1|1
stn47,2016-04-16 21:36:00,P,0,2016-04-16 21:36:00,P,0,0,0,11,15,20012,2,1|1
stn48,2016-04-16 21:47:00,P,0,2016-04-16 21:49:00,P,0,2,2,6,8,20012,2,1|1
stn49,2016-04-16 21:55:00,P,0,2016-04-16 21:55:00,P,0,0,0,11,14,20012,2,1|1
stn50,2016-04-16 22:06:00,P,0,2016-04-16 22:06:00,P,0,0,0,12,14,20012,2,1|1
stn51,2016-04-16 22:18:00,P,0,2016-04-16 22:18:00,P,0,0,0,11,14,20012,2,1|1
stn52,2016-04-16 22:29:00,P,0,2016-04-16 22:31:00,P,0,2,2,11,16,20012,2,1|1
stn53,2016-04-16 22:42:00,P,0,2016-04-16 22:42:00,P,0,0,0,11,17,20012,2,1|1
stn54,2016-04-16 22:53:00,P,0,2016-04-16 22:55:00,P,0,2,2,24,17,20012,2,1|1
stn55,2016-04-16 23:19:00,P,0,2016-04-16 23:19:00,P,0,0,0,14,9,20012,2,1|1
stn56,2016-04-16 23:33:00,P,0,2016-04-16 23:33:00,P,0,0,0,11,7,20012,2,1|1
stn57,2016-04-16 23:44:00,P,0,2016-04-16 23:44:00,P,0,0,0,14,9,20012,2,1|1
stn58,2016-04-16 23:58:00,P,0,2016-04-16 23:58:00,P,0,0,0,6,4,20012,2,1|1
stn59,2016-04-17 00:04:00,P,0,2016-04-17 00:04:00,P,0,0,0,0,0,20012,2,1|1
stn01,2016-04-15 17:43:00,P,0,2016-04-15 17:43:00,P,0,0,0,15,14,20013,2,1|1
stn02,2016-04-15 17:58:00,P,0,2016-04-15 17:58:00,P,0,0,0,21,19,20013,2,1|1
stn03,2016-04-15 18:19:00,P,0,2016-04-15 18:21:00,P,0,2,2,16,18,20013,2,1|1
stn04,2016-04-15 18:37:00,P,0,2016-04-15 18:37:00,P,0,0,0,14,17,20013,2,1|1
stn05,2016-04-15 18:51:00,P,0,2016-04-15 18:51:00,P,0,0,0,8,11,20013,2,1|1
stn06,2016-04-15 18:59:00,P,0,2016-04-15 18:59:00,P,0,0,0,9,8,20013,2,1|1
stn07,2016-04-15 19:08:00,P,0,2016-04-15 19:08:00,P,0,0,0,17,19,20013,2,1|1
stn08,2016-04-15 19:25:00,P,0,2016-04-15 19:27:00,P,0,2,2,10,14,20013,2,1|1
stn09,2016-04-15 19:37:00,P,0,2016-04-15 19:37:00,P,0,0,0,12,17,20013,2,1|1
stn10,2016-04-15 19:49:00,P,0,2016-04-15 19:51:00,P,0,2,2,11,10,20013,2,1|1
stn11,2016-04-15 20:02:00,P,0,2016-04-15 20:02:00,P,0,0,0,11,9,20013,2,1|1
stn12,2016-04-15 20:13:00,P,0,2016-04-15 20:13:00,P,0,0,0,4,11,20013,2,1|1
stn13,2016-04-15 20:17:00,P,0,2016-04-15 20:17:00,P,0,0,0,24,15,20013,2,1|1
stn14,2016-04-15 20:41:00,P,0,2016-04-15 20:41:00,P,0,0,0,16,15,20013,2,1|1
stn15,2016-04-15 20:57:00,P,0,2016-04-15 20:57:00,P,0,0,0,14,13,20013,2,1|1
stn16,2016-04-15 21:11:00,P,0,2016-04-15 21:11:00,P,0,0,0,8,7,20013,2,1|1
stn17,2016-04-15 21:19:00,P,0,2016-04-15 21:24:00,P,0,5,5,14,17,20013,2,1|1
stn18,2016-04-15 21:38:00,P,0,2016-04-15 21:38:00,P,0,0,0,14,18,20013,2,1|1
stn19,2016-04-15 21:52:00,P,0,2016-04-15 21:52:00,P,0,0,0,14,17,20013,2,1|1
stn20,2016-04-15 22:06:00,P,0,2016-04-15 22:06:00,P,0,0,0,15,18,20013,2,1|1
stn21,2016-04-15 22:21:00,P,0,2016-04-15 22:21:00,P,0,0,0,15,18,20013,2,1|1
stn22,2016-04-15 22:36:00,P,0,2016-04-15 22:36:00,P,0,0,0,14,17,20013,2,1|1
stn23,2016-04-15 22:50:00,P,0,2016-04-15 22:50:00,P,0,0,0,14,17,20013,2,1|1
stn24,2016-04-15 23:04:00,P,0,2016-04-15 23:04:00,P,0,0,0,16,19,20013,2,1|1
stn25,2016-04-15 23:20:00,P,0,2016-04-15 23:20:00,P,0,0,0,9,11,20013,2,1|1
stn26,2016-04-15 23:29:00,P,0,2016-04-15 23:31:00,P,0,2,2,11,11,20013,2,1|1
stn27,2016-04-15 23:42:00,P,0,2016-04-15 23:42:00,P,0,0,0,12,11,20013,2,1|1
stn28,2016-04-15 23:54:00,P,0,2016-04-15 23:54:00,P,0,0,0,8,10,20013,2,1|1
stn29,2016-04-16 00:02:00,P,0,2016-04-16 00:02:00,P,0,0,0,12,13,20013,2,1|1
stn30,2016-04-16 00:14:00,P,0,2016-04-16 00:14:00,P,0,0,0,11,12,20013,2,1|1
stn31,2016-04-16 00:25:00,P,0,2016-04-16 00:25:00,P,0,0,0,19,19,20013,2,1|1
stn32,2016-04-16 00:44:00,P,0,2016-04-16 00:44:00,P,0,0,0,18,17,20013,2,1|1
stn33,2016-04-16 01:02:00,P,0,2016-04-16 01:02:00,P,0,0,0,5,5,20013,2,1|1
stn34,2016-04-16 01:07:00,P,0,2016-04-16 01:07:00,P,0,0,0,7,8,20013,2,1|1
stn35,2016-04-16 01:14:00,P,0,2016-04-16 01:24:00,P,0,10,10,15,17,20013,2,1|1
stn36,2016-04-16 01:39:00,P,0,2016-04-16 01:39:00,P,0,0,0,14,18,20013,2,1|1
stn37,2016-04-16 01:53:00,P,0,2016-04-16 01:55:00,P,0,2,2,9,11,20013,2,1|1
stn38,2016-04-16 02:04:00,P,0,2016-04-16 02:04:00,P,0,0,0,8,8,20013,2,1|1
stn39,2016-04-16 02:12:00,P,0,2016-04-16 02:12:00,P,0,0,0,7,8,20013,2,1|1
stn40,2016-04-16 02:19:00,P,0,2016-04-16 02:21:00,P,0,2,2,11,15,20013,2,1|1
stn41,2016-04-16 02:32:00,P,0,2016-04-16 02:32:00,P,0,0,0,11,15,20013,2,1|1
stn42,2016-04-16 02:43:00,P,0,2016-04-16 02:45:00,P,0,2,2,10,8,20013,2,1|1
stn43,2016-04-16 02:55:00,P,0,2016-04-16 02:57:00,P,0,2,2,14,21,20013,2,1|1
stn44,2016-04-16 03:11:00,P,0,2016-04-16 03:13:00,P,0,2,2,18,15,20013,2,1|1
stn45,2016-04-16 03:31:00,P,0,2016-04-16 03:33:00,P,0,2,2,16,19,20013,2,1|1
stn46,2016-04-16 03:49:00,P,0,2016-04-16 03:49:00,P,0,0,0,8,9,20013,2,1|1
stn47,2016-04-16 03:57:00,P,0,2016-04-16 03:59:00,P,0,2,2,14,16,20013,2,1|1
stn48,2016-04-16 04:13:00,P,0,2016-04-16 04:15:00,P,0,2,2,5,8,20013,2,1|1
stn49,2016-04-16 04:20:00,P,0,2016-04-16 04:20:00,P,0,0,0,12,15,20013,2,1|1
stn50,2016-04-16 04:32:00,P,0,2016-04-16 04:32:00,P,0,0,0,11,15,20013,2,1|1
stn51,2016-04-16 04:43:00,P,0,2016-04-16 04:43:00,P,0,0,0,12,15,20013,2,1|1
stn52,2016-04-16 04:55:00,P,0,2016-04-16 04:57:00,P,0,2,2,14,17,20013,2,1|1
stn53,2016-04-16 05:11:00,P,0,2016-04-16 05:13:00,P,0,2,2,14,18,20013,2,1|1
stn54,2016-04-16 05:27:00,P,0,2016-04-16 05:29:00,P,0,2,2,13,18,20013,2,1|1
stn55,2016-04-16 05:42:00,P,0,2016-04-16 05:42:00,P,0,0,0,7,10,20013,2,1|1
stn56,2016-04-16 05:49:00,P,0,2016-04-16 05:49:00,P,0,0,0,6,8,20013,2,1|1
stn57,2016-04-16 05:55:00,P,0,2016-04-16 05:57:00,P,0,2,2,14,10,20013,2,1|1
stn58,2016-04-16 06:11:00,P,0,2016-04-16 06:13:00,P,0,2,2,10,5,20013,2,1|1
stn59,2016-04-16 06:23:00,P,0,2016-04-16 06:23:00,P,0,0,0,0,0,20013,2,1|1
stn01,2016-04-16 17:55:00,P,0,2016-04-16 17:55:00,P,0,0,0,15,14,20014,2,1|1
stn02,2016-04-16 18:10:00,P,0,2016-04-16 18:10:00,P,0,0,0,21,19,20014,2,1|1
stn03,2016-04-16 18:31:00,P,0,2016-04-16 18:33:00,P,0,2,2,16,18,20014,2,1|1
stn04,2016-04-16 18:49:00,P,0,2016-04-16 18:49:00,P,0,0,0,14,17,20014,2,1|1
stn05,2016-04-16 19:03:00,P,0,2016-04-16 19:03:00,P,0,0,0,8,11,20014,2,1|1
stn06,2016-04-16 19:11:00,P,0,2016-04-16 19:11:00,P,0,0,0,9,8,20014,2,1|1
stn07,2016-04-16 19:20:00,P,0,2016-04-16 19:20:00,P,0,0,0,17,19,20014,2,1|1
stn08,2016-04-16 19:37:00,P,0,2016-04-16 19:39:00,P,0,2,2,10,14,20014,2,1|1
stn09,2016-04-16 19:49:00,P,0,2016-04-16 19:49:00,P,0,0,0,12,17,20014,2,1|1
stn10,2016-04-16 20:01:00,P,0,2016-04-16 20:03:00,P,0,2,2,11,10,20014,2,1|1
stn11,2016-04-16 20:14:00,P,0,2016-04-16 20:14:00,P,0,0,0,11,9,20014,2,1|1
stn12,2016-04-16 20:25:00,P,0,2016-04-16 20:25:00,P,0,0,0,4,11,20014,2,1|1
stn13,2016-04-16 20:29:00,P,0,2016-04-16 20:29:00,P,0,0,0,24,15,20014,2,1|1
stn14,2016-04-16 20:53:00,P,0,2016-04-16 20:53:00,P,0,0,0,16,15,20014,2,1|1
stn15,2016-04-16 21:09:00,P,0,2016-04-16 21:09:00,P,0,0,0,14,13,20014,2,1|1
stn16,2016-04-16 21:23:00,P,0,2016-04-16 21:23:00,P,0,0,0,8,7,20014,2,1|1
stn17,2016-04-16 21:31:00,P,0,2016-04-16 21:36:00,P,0,5,5,14,17,20014,2,1|1
stn18,2016-04-16 21:50:00,P,0,2016-04-16 21:50:00,P,0,0,0,14,18,20014,2,1|1
stn19,2016-04-16 22:04:00,P,0,2016-04-16 22:04:00,P,0,0,0,14,17,20014,2,1|1
stn20,2016-04-16 22:18:00,P,0,2016-04-16 22:18:00,P,0,0,0,15,18,20014,2,1|1
stn21,2016-04-16 22:33:00,P,0,2016-04-16 22:33:00,P,0,0,0,15,18,20014,2,1|1
stn22,2016-04-16 22:48:00,P,0,2016-04-16 22:48:00,P,0,0,0,14,17,20014,2,1|1
stn23,2016-04-16 23:02:00,P,0,2016-04-16 23:02:00,P,0,0,0,14,17,20014,2,1|1
stn24,2016-04-16 23:16:00,P,0,2016-04-16 23:16:00,P,0,0,0,16,19,20014,2,1|1
stn25,2016-04-16 23:32:00,P,0,2016-04-16 23:32:00,P,0,0,0,9,11,20014,2,1|1
stn26,2016-04-16 23:41:00,P,0,2016-04-16 23:43:00,P,0,2,2,11,11,20014,2,1|1
stn27,2016-04-16 23:54:00,P,0,2016-04-16 23:54:00,P,0,0,0,12,11,20014,2,1|1
stn28,2016-04-17 00:06:00,P,0,2016-04-17 00:06:00,P,0,0,0,8,10,20014,2,1|1
stn29,2016-04-17 00:14:00,P,0,2016-04-17 00:14:00,P,0,0,0,12,13,20014,2,1|1
stn30,2016-04-17 00:26:00,P,0,2016-04-17 00:26:00,P,0,0,0,11,12,20014,2,1|1
stn31,2016-04-17 00:37:00,P,0,2016-04-17 00:37:00,P,0,0,0,19,19,20014,2,1|1
stn32,2016-04-17 00:56:00,P,0,2016-04-17 00:56:00,P,0,0,0,18,17,20014,2,1|1
stn33,2016-04-17 01:14:00,P,0,2016-04-17 01:14:00,P,0,0,0,5,5,20014,2,1|1
stn34,2016-04-17 01:19:00,P,0,2016-04-17 01:19:00,P,0,0,0,7,8,20014,2,1|1
stn35,2016-04-17 01:26:00,P,0,2016-04-17 01:36:00,P,0,10,10,15,17,20014,2,1|1
stn36,2016-04-17 01:51:00,P,0,2016-04-17 01:51:00,P,0,0,0,14,18,20014,2,1|1
stn37,2016-04-17 02:05:00,P,0,2016-04-17 02:07:00,P,0,2,2,9,11,20014,2,1|1
stn38,2016-04-17 02:16:00,P,0,2016-04-17 02:16:00,P,0,0,0,8,8,20014,2,1|1
stn39,2016-04-17 02:24:00,P,0,2016-04-17 02:24:00,P,0,0,0,7,8,20014,2,1|1
stn40,2016-04-17 02:31:00,P,0,2016-04-17 02:33:00,P,0,2,2,11,15,20014,2,1|1
stn41,2016-04-17 02:44:00,P,0,2016-04-17 02:44:00,P,0,0,0,11,15,20014,2,1|1
stn42,2016-04-17 02:55:00,P,0,2016-04-17 02:57:00,P,0,2,2,10,8,20014,2,1|1
stn43,2016-04-17 03:07:00,P,0,2016-04-17 03:09:00,P,0,2,2,14,21,20014,2,1|1
stn44,2016-04-17 03:23:00,P,0,2016-04-17 03:25:00,P,0,2,2,18,15,20014,2,1|1
stn45,2016-04-17 03:43:00,P,0,2016-04-17 03:45:00,P,0,2,2,16,19,20014,2,1|1
stn46,2016-04-17 04:01:00,P,0,2016-04-17 04:01:00,P,0,0,0,8,9,20014,2,1|1
stn47,2016-04-17 04:09:00,P,0,2016-04-17 04:11:00,P,0,2,2,14,16,20014,2,1|1
stn48,2016-04-17 04:25:00,P,0,2016-04-17 04:27:00,P,0,2,2,5,8,20014,2,1|1
stn49,2016-04-17 04:32:00,P,0,2016-04-17 04:32:00,P,0,0,0,12,15,20014,2,1|1
stn50,2016-04-17 04:44:00,P,0,2016-04-17 04:44:00,P,0,0,0,11,15,20014,2,1|1
stn51,2016-04-17 04:55:00,P,0,2016-04-17 04:55:00,P,0,0,0,12,15,20014,2,1|1
stn52,2016-04-17 05:07:00,P,0,2016-04-17 05:09:00,P,0,2,2,14,17,20014,2,1|1
stn53,2016-04-17 05:23:00,P,0,2016-04-17 05:25:00,P,0,2,2,14,18,20014,2,1|1
stn54,2016-04-17 05:39:00,P,0,2016-04-17 05:41:00,P,0,2,2,13,18,20014,2,1|1
stn55,2016-04-17 05:54:00,P,0,2016-04-17 05:54:00,P,0,0,0,7,10,20014,2,1|1
stn56,2016-04-17 06:01:00,P,0,2016-04-17 06:01:00,P,0,0,0,6,8,20014,2,1|1
stn57,2016-04-17 06:07:00,P,0,2016-04-17 06:09:00,P,0,2,2,14,10,20014,2,1|1
stn58,2016-04-17 06:23:00,P,0,2016-04-17 06:25:00,P,0,2,2,10,5,20014,2,1|1
stn59,2016-04-17 06:35:00,P,0,2016-04-17 06:35:00,P,0,0,0,0,0,20014,2,1|1
stn59,2016-04-15 15:14:00,P,0,2016-04-15 15:14:00,P,0,0,0,6,5,20015,2,1|1
stn58,2016-04-15 15:20:00,P,0,2016-04-15 15:21:00,P,0,1,1,11,9,20015,2,1|1
stn57,2016-04-15 15:32:00,P,0,2016-04-15 15:33:00,P,0,1,1,7,8,20015,2,1|1
stn56,2016-04-15 15:40:00,P,0,2016-04-15 15:40:00,P,0,0,0,8,9,20015,2,1|1
stn55,2016-04-15 15:48:00,P,0,2016-04-15 15:48:00,P,0,0,0,14,17,20015,2,1|1
stn54,2016-04-15 16:02:00,P,0,2016-04-15 16:03:00,P,0,1,1,15,17,20015,2,1|1
stn53,2016-04-15 16:18:00,P,0,2016-04-15 16:19:00,P,0,1,1,13,16,20015,2,1|1
stn52,2016-04-15 16:32:00,P,0,2016-04-15 16:33:00,P,0,1,1,14,15,20015,2,1|1
stn51,2016-04-15 16:47:00,P,0,2016-04-15 16:47:00,P,0,0,0,13,15,20015,2,1|1
stn50,2016-04-15 17:00:00,P,0,2016-04-15 17:00:00,P,0,0,0,16,15,20015,2,1|1
stn49,2016-04-15 17:16:00,P,0,2016-04-15 17:16:00,P,0,0,0,8,8,20015,2,1|1
stn48,2016-04-15 17:24:00,P,0,2016-04-15 17:25:00,P,0,1,1,19,16,20015,2,1|1
stn47,2016-04-15 17:44:00,P,0,2016-04-15 17:45:00,P,0,1,1,7,9,20015,2,1|1
stn46,2016-04-15 17:52:00,P,0,2016-04-15 17:52:00,P,0,0,0,16,19,20015,2,1|1
stn45,2016-04-15 18:08:00,P,0,2016-04-15 18:09:00,P,0,1,1,15,15,20015,2,1|1
stn44,2016-04-15 18:24:00,P,0,2016-04-15 18:25:00,P,0,1,1,19,20,20015,2,1|1
stn43,2016-04-15 18:44:00,P,0,2016-04-15 18:45:00,P,0,1,1,9,8,20015,2,1|1
stn42,2016-04-15 18:54:00,P,0,2016-04-15 18:55:00,P,0,1,1,17,15,20015,2,1|1
stn41,2016-04-15 19:12:00,P,0,2016-04-15 19:12:00,P,0,0,0,16,14,20015,2,1|1
stn40,2016-04-15 19:28:00,P,0,2016-04-15 19:29:00,P,0,1,1,7,8,20015,2,1|1
stn39,2016-04-15 19:36:00,P,0,2016-04-15 19:36:00,P,0,0,0,8,8,20015,2,1|1
stn38,2016-04-15 19:44:00,P,0,2016-04-15 19:44:00,P,0,0,0,8,10,20015,2,1|1
stn37,2016-04-15 19:52:00,P,0,2016-04-15 19:53:00,P,0,1,1,20,18,20015,2,1|1
stn36,2016-04-15 20:13:00,P,0,2016-04-15 20:13:00,P,0,0,0,22,17,20015,2,1|1
stn35,2016-04-15 20:35:00,P,0,2016-04-15 20:45:00,P,0,10,10,7,8,20015,2,1|1
stn34,2016-04-15 20:52:00,P,0,2016-04-15 20:52:00,P,0,0,0,5,5,20015,2,1|1
stn33,2016-04-15 20:57:00,P,0,2016-04-15 20:57:00,P,0,0,0,17,17,20015,2,1|1
stn32,2016-04-15 21:14:00,P,0,2016-04-15 21:14:00,P,0,0,0,18,18,20015,2,1|1
stn31,2016-04-15 21:32:00,P,0,2016-04-15 21:32:00,P,0,0,0,11,11,20015,2,1|1
stn30,2016-04-15 21:43:00,P,0,2016-04-15 21:43:00,P,0,0,0,11,13,20015,2,1|1
stn29,2016-04-15 21:54:00,P,0,2016-04-15 21:54:00,P,0,0,0,8,10,20015,2,1|1
stn28,2016-04-15 22:02:00,P,0,2016-04-15 22:02:00,P,0,0,0,11,11,20015,2,1|1
stn27,2016-04-15 22:13:00,P,0,2016-04-15 22:13:00,P,0,0,0,11,11,20015,2,1|1
stn26,2016-04-15 22:24:00,P,0,2016-04-15 22:25:00,P,0,1,1,9,11,20015,2,1|1
stn25,2016-04-15 22:34:00,P,0,2016-04-15 22:34:00,P,0,0,0,16,19,20015,2,1|1
stn24,2016-04-15 22:50:00,P,0,2016-04-15 22:50:00,P,0,0,0,14,16,20015,2,1|1
stn23,2016-04-15 23:04:00,P,0,2016-04-15 23:04:00,P,0,0,0,14,17,20015,2,1|1
stn22,2016-04-15 23:18:00,P,0,2016-04-15 23:18:00,P,0,0,0,15,17,20015,2,1|1
stn21,2016-04-15 23:33:00,P,0,2016-04-15 23:33:00,P,0,0,0,15,18,20015,2,1|1
stn20,2016-04-15 23:48:00,P,0,2016-04-15 23:48:00,P,0,0,0,14,17,20015,2,1|1
stn19,2016-04-16 00:02:00,P,0,2016-04-16 00:02:00,P,0,0,0,14,17,20015,2,1|1
stn18,2016-04-16 00:16:00,P,0,2016-04-16 00:16:00,P,0,0,0,14,16,20015,2,1|1
stn17,2016-04-16 00:30:00,P,0,2016-04-16 00:35:00,P,0,5,5,6,7,20015,2,1|1
stn16,2016-04-16 00:41:00,P,0,2016-04-16 00:41:00,P,0,0,0,11,13,20015,2,1|1
stn15,2016-04-16 00:52:00,P,0,2016-04-16 00:52:00,P,0,0,0,12,14,20015,2,1|1
stn14,2016-04-16 01:04:00,P,0,2016-04-16 01:04:00,P,0,0,0,18,15,20015,2,1|1
stn13,2016-04-16 01:22:00,P,0,2016-04-16 01:22:00,P,0,0,0,4,11,20015,2,1|1
stn12,2016-04-16 01:26:00,P,0,2016-04-16 01:26:00,P,0,0,0,7,9,20015,2,1|1
stn11,2016-04-16 01:33:00,P,0,2016-04-16 01:33:00,P,0,0,0,9,10,20015,2,1|1
stn10,2016-04-16 01:42:00,P,0,2016-04-16 01:43:00,P,0,1,1,17,17,20015,2,1|1
stn09,2016-04-16 02:00:00,P,0,2016-04-16 02:00:00,P,0,0,0,14,14,20015,2,1|1
stn08,2016-04-16 02:14:00,P,0,2016-04-16 02:14:00,P,0,0,0,18,19,20015,2,1|1
stn07,2016-04-16 02:32:00,P,0,2016-04-16 02:32:00,P,0,0,0,10,8,20015,2,1|1
stn06,2016-04-16 02:42:00,P,0,2016-04-16 02:42:00,P,0,0,0,9,11,20015,2,1|1
stn05,2016-04-16 02:51:00,P,0,2016-04-16 02:51:00,P,0,0,0,16,17,20015,2,1|1
stn04,2016-04-16 03:07:00,P,0,2016-04-16 03:07:00,P,0,0,0,18,18,20015,2,1|1
stn03,2016-04-16 03:25:00,P,0,2016-04-16 03:25:00,P,0,0,0,18,18,20015,2,1|1
stn02,2016-04-16 03:43:00,P,0,2016-04-16 03:43:00,P,0,0,0,13,14,20015,2,1|1
stn01,2016-04-16 03:56:00,P,0,2016-04-16 03:56:00,P,0,0,0,0,0,20015,2,1|1
stn59,2016-04-16 15:10:00,P,0,2016-04-16 15:10:00,P,0,0,0,6,5,20016,2,1|1
stn58,2016-04-16 15:16:00,P,0,2016-04-16 15:17:00,P,0,1,1,11,9,20016,2,1|1
stn57,2016-04-16 15:28:00,P,0,2016-04-16 15:29:00,P,0,1,1,7,8,20016,2,1|1
stn56,2016-04-16 15:36:00,P,0,2016-04-16 15:36:00,P,0,0,0,8,9,20016,2,1|1
stn55,2016-04-16 15:44:00,P,0,2016-04-16 15:44:00,P,0,0,0,14,17,20016,2,1|1
stn54,2016-04-16 15:58:00,P,0,2016-04-16 15:59:00,P,0,1,1,15,17,20016,2,1|1
stn53,2016-04-16 16:14:00,P,0,2016-04-16 16:15:00,P,0,1,1,13,16,20016,2,1|1
stn52,2016-04-16 16:28:00,P,0,2016-04-16 16:29:00,P,0,1,1,14,15,20016,2,1|1
stn51,2016-04-16 16:43:00,P,0,2016-04-16 16:43:00,P,0,0,0,13,15,20016,2,1|1
stn50,2016-04-16 16:56:00,P,0,2016-04-16 16:56:00,P,0,0,0,16,15,20016,2,1|1
stn49,2016-04-16 17:12:00,P,0,2016-04-16 17:12:00,P,0,0,0,8,8,20016,2,1|1
stn48,2016-04-16 17:20:00,P,0,2016-04-16 17:21:00,P,0,1,1,19,16,20016,2,1|1
stn47,2016-04-16 17:40:00,P,0,2016-04-16 17:41:00,P,0,1,1,7,9,20016,2,1|1
stn46,2016-04-16 17:48:00,P,0,2016-04-16 17:48:00,P,0,0,0,16,19,20016,2,1|1
stn45,2016-04-16 18:04:00,P,0,2016-04-16 18:05:00,P,0,1,1,15,15,20016,2,1|1
stn44,2016-04-16 18:20:00,P,0,2016-04-16 18:21:00,P,0,1,1,19,20,20016,2,1|1
stn43,2016-04-16 18:40:00,P,0,2016-04-16 18:41:00,P,0,1,1,9,8,20016,2,1|1
stn42,2016-04-16 18:50:00,P,0,2016-04-16 18:51:00,P,0,1,1,17,15,20016,2,1|1
stn41,2016-04-16 19:08:00,P,0,2016-04-16 19:08:00,P,0,0,0,16,14,20016,2,1|1
stn40,2016-04-16 19:24:00,P,0,2016-04-16 19:25:00,P,0,1,1,7,8,20016,2,1|1
stn39,2016-04-16 19:32:00,P,0,2016-04-16 19:32:00,P,0,0,0,8,8,20016,2,1|1
stn38,2016-04-16 19:40:00,P,0,2016-04-16 19:40:00,P,0,0,0,8,10,20016,2,1|1
stn37,2016-04-16 19:48:00,P,0,2016-04-16 19:49:00,P,0,1,1,20,18,20016,2,1|1
stn36,2016-04-16 20:09:00,P,0,2016-04-16 20:09:00,P,0,0,0,22,17,20016,2,1|1
stn35,2016-04-16 20:31:00,P,0,2016-04-16 20:41:00,P,0,10,10,7,8,20016,2,1|1
stn34,2016-04-16 20:48:00,P,0,2016-04-16 20:48:00,P,0,0,0,5,5,20016,2,1|1
stn33,2016-04-16 20:53:00,P,0,2016-04-16 20:53:00,P,0,0,0,17,17,20016,2,1|1
stn32,2016-04-16 21:10:00,P,0,2016-04-16 21:10:00,P,0,0,0,18,18,20016,2,1|1
stn31,2016-04-16 21:28:00,P,0,2016-04-16 21:28:00,P,0,0,0,11,11,20016,2,1|1
stn30,2016-04-16 21:39:00,P,0,2016-04-16 21:39:00,P,0,0,0,11,13,20016,2,1|1
stn29,2016-04-16 21:50:00,P,0,2016-04-16 21:50:00,P,0,0,0,8,10,20016,2,1|1
stn28,2016-04-16 21:58:00,P,0,2016-04-16 21:58:00,P,0,0,0,11,11,20016,2,1|1
stn27,2016-04-16 22:09:00,P,0,2016-04-16 22:09:00,P,0,0,0,11,11,20016,2,1|1
stn26,2016-04-16 22:20:00,P,0,2016-04-16 22:21:00,P,0,1,1,9,11,20016,2,1|1
stn25,2016-04-16 22:30:00,P,0,2016-04-16 22:30:00,P,0,0,0,16,19,20016,2,1|1
stn24,2016-04-16 22:46:00,P,0,2016-04-16 22:46:00,P,0,0,0,14,16,20016,2,1|1
stn23,2016-04-16 23:00:00,P,0,2016-04-16 23:00:00,P,0,0,0,14,17,20016,2,1|1
stn22,2016-04-16 23:14:00,P,0,2016-04-16 23:14:00,P,0,0,0,15,17,20016,2,1|1
stn21,2016-04-16 23:29:00,P,0,2016-04-16 23:29:00,P,0,0,0,15,18,20016,2,1|1
stn20,2016-04-16 23:44:00,P,0,2016-04-16 23:44:00,P,0,0,0,14,17,20016,2,1|1
stn19,2016-04-16 23:58:00,P,0,2016-04-16 23:58:00,P,0,0,0,14,17,20016,2,1|1
stn18,2016-04-17 00:12:00,P,0,2016-04-17 00:12:00,P,0,0,0,14,16,20016,2,1|1
stn17,2016-04-17 00:26:00,P,0,2016-04-17 00:31:00,P,0,5,5,6,7,20016,2,1|1
stn16,2016-04-17 00:37:00,P,0,2016-04-17 00:37:00,P,0,0,0,11,13,20016,2,1|1
stn15,2016-04-17 00:48:00,P,0,2016-04-17 00:48:00,P,0,0,0,12,14,20016,2,1|1
stn14,2016-04-17 01:00:00,P,0,2016-04-17 01:00:00,P,0,0,0,18,15,20016,2,1|1
stn13,2016-04-17 01:18:00,P,0,2016-04-17 01:18:00,P,0,0,0,4,11,20016,2,1|1
stn12,2016-04-17 01:22:00,P,0,2016-04-17 01:22:00,P,0,0,0,7,9,20016,2,1|1
stn11,2016-04-17 01:29:00,P,0,2016-04-17 01:29:00,P,0,0,0,9,10,20016,2,1|1
stn10,2016-04-17 01:38:00,P,0,2016-04-17 01:39:00,P,0,1,1,17,17,20016,2,1|1
stn09,2016-04-17 01:56:00,P,0,2016-04-17 01:56:00,P,0,0,0,14,14,20016,2,1|1
stn08,2016-04-17 02:10:00,P,0,2016-04-17 02:10:00,P,0,0,0,18,19,20016,2,1|1
stn07,2016-04-17 02:28:00,P,0,2016-04-17 02:28:00,P,0,0,0,10,8,20016,2,1|1
stn06,2016-04-17 02:38:00,P,0,2016-04-17 02:38:00,P,0,0,0,9,11,20016,2,1|1
stn05,2016-04-17 02:47:00,P,0,2016-04-17 02:47:00,P,0,0,0,16,17,20016,2,1|1
stn04,2016-04-17 03:03:00,P,0,2016-04-17 03:03:00,P,0,0,0,18,18,20016,2,1|1
stn03,2016-04-17 03:21:00,P,0,2016-04-17 03:21:00,P,0,0,0,18,18,20016,2,1|1
stn02,2016-04-17 03:39:00,P,0,2016-04-17 03:39:00,P,0,0,0,13,14,20016,2,1|1
stn01,2016-04-17 03:52:00,P,0,2016-04-17 03:52:00,P,0,0,0,0,0,20016,2,1|1
stn34,2016-04-16 16:08:00,P,0,2016-04-16 16:08:00,P,0,0,0,10,8,20017,2,1|1
stn35,2016-04-16 16:18:00,P,0,2016-04-16 16:23:00,P,0,5,5,0,0,20017,2,1|1
stn35,2016-04-16 05:38:00,P,0,2016-04-16 05:43:00,P,0,5,5,12,8,20018,2,1|1
stn34,2016-04-16 05:55:00,P,0,2016-04-16 05:55:00,P,0,0,0,0,0,20018,2,1|1
stn01,2016-04-16 07:03:00,P,0,2016-04-16 07:03:00,P,0,0,0,14,13,20019,2,1|1
stn02,2016-04-16 07:17:00,P,0,2016-04-16 07:17:00,P,0,0,0,19,18,20019,2,1|1
stn03,2016-04-16 07:36:00,P,0,2016-04-16 07:36:00,P,0,0,0,18,17,20019,2,1|1
stn04,2016-04-16 07:54:00,P,0,2016-04-16 07:56:00,P,0,2,2,14,16,20019,2,1|1
stn05,2016-04-16 08:10:00,P,0,2016-04-16 08:10:00,P,0,0,0,7,10,20019,2,1|1
stn06,2016-04-16 08:17:00,P,0,2016-04-16 08:17:00,P,0,0,0,8,8,20019,2,1|1
stn07,2016-04-16 08:25:00,P,0,2016-04-16 08:25:00,P,0,0,0,15,18,20019,2,1|1
stn08,2016-04-16 08:40:00,P,0,2016-04-16 08:40:00,P,0,0,0,12,14,20019,2,1|1
stn09,2016-04-16 08:52:00,P,0,2016-04-16 08:52:00,P,0,0,0,14,17,20019,2,1|1
stn10,2016-04-16 09:06:00,P,0,2016-04-16 09:06:00,P,0,0,0,8,10,20019,2,1|1
stn11,2016-04-16 09:14:00,P,0,2016-04-16 09:14:00,P,0,0,0,8,9,20019,2,1|1
stn12,2016-04-16 09:22:00,P,0,2016-04-16 09:22:00,P,0,0,0,3,10,20019,2,1|1
stn13,2016-04-16 09:25:00,P,0,2016-04-16 09:25:00,P,0,0,0,18,14,20019,2,1|1
stn14,2016-04-16 09:43:00,P,0,2016-04-16 09:43:00,P,0,0,0,11,14,20019,2,1|1
stn15,2016-04-16 09:54:00,P,0,2016-04-16 09:54:00,P,0,0,0,11,13,20019,2,1|1
stn16,2016-04-16 10:05:00,P,0,2016-04-16 10:05:00,P,0,0,0,6,7,20019,2,1|1
stn17,2016-04-16 10:11:00,P,0,2016-04-16 10:16:00,P,0,5,5,11,16,20019,2,1|1
stn18,2016-04-16 10:27:00,P,0,2016-04-16 10:27:00,P,0,0,0,11,17,20019,2,1|1
stn19,2016-04-16 10:38:00,P,0,2016-04-16 10:38:00,P,0,0,0,11,16,20019,2,1|1
stn20,2016-04-16 10:49:00,P,0,2016-04-16 10:49:00,P,0,0,0,12,17,20019,2,1|1
stn21,2016-04-16 11:01:00,P,0,2016-04-16 11:01:00,P,0,0,0,12,17,20019,2,1|1
stn22,2016-04-16 11:13:00,P,0,2016-04-16 11:13:00,P,0,0,0,11,16,20019,2,1|1
stn23,2016-04-16 11:24:00,P,0,2016-04-16 11:24:00,P,0,0,0,11,16,20019,2,1|1
stn24,2016-04-16 11:35:00,P,0,2016-04-16 11:35:00,P,0,0,0,13,18,20019,2,1|1
stn25,2016-04-16 11:48:00,P,0,2016-04-16 11:48:00,P,0,0,0,7,11,20019,2,1|1
stn26,2016-04-16 11:55:00,P,0,2016-04-16 11:55:00,P,0,0,0,8,10,20019,2,1|1
stn27,2016-04-16 12:03:00,P,0,2016-04-16 12:03:00,P,0,0,0,7,11,20019,2,1|1
stn28,2016-04-16 12:10:00,P,0,2016-04-16 12:10:00,P,0,0,0,6,10,20019,2,1|1
stn29,2016-04-16 12:16:00,P,0,2016-04-16 12:16:00,P,0,0,0,7,12,20019,2,1|1
stn30,2016-04-16 12:23:00,P,0,2016-04-16 12:23:00,P,0,0,0,8,11,20019,2,1|1
stn31,2016-04-16 12:31:00,P,0,2016-04-16 12:33:00,P,0,2,2,26,18,20019,2,1|1
stn32,2016-04-16 12:59:00,P,0,2016-04-16 12:59:00,P,0,0,0,25,16,20019,2,1|1
stn33,2016-04-16 13:24:00,P,0,2016-04-16 13:24:00,P,0,0,0,7,5,20019,2,1|1
stn34,2016-04-16 13:31:00,P,0,2016-04-16 13:31:00,P,0,0,0,10,8,20019,2,1|1
stn35,2016-04-16 13:41:00,P,0,2016-04-16 13:51:00,P,0,10,10,13,17,20019,2,1|1
stn36,2016-04-16 14:04:00,P,0,2016-04-16 14:04:00,P,0,0,0,13,17,20019,2,1|1
stn37,2016-04-16 14:17:00,P,0,2016-04-16 14:17:00,P,0,0,0,7,10,20019,2,1|1
stn38,2016-04-16 14:24:00,P,0,2016-04-16 14:24:00,P,0,0,0,7,8,20019,2,1|1
stn39,2016-04-16 14:31:00,P,0,2016-04-16 14:31:00,P,0,0,0,6,8,20019,2,1|1
stn40,2016-04-16 14:37:00,P,0,2016-04-16 14:39:00,P,0,2,2,14,14,20019,2,1|1
stn41,2016-04-16 14:53:00,P,0,2016-04-16 14:53:00,P,0,0,0,16,15,20019,2,1|1
stn42,2016-04-16 15:09:00,P,0,2016-04-16 15:09:00,P,0,0,0,8,8,20019,2,1|1
stn43,2016-04-16 15:17:00,P,0,2016-04-16 15:19:00,P,0,2,2,19,20,20019,2,1|1
stn44,2016-04-16 15:38:00,P,0,2016-04-16 15:38:00,P,0,0,0,13,14,20019,2,1|1
stn45,2016-04-16 15:51:00,P,0,2016-04-16 15:51:00,P,0,0,0,17,18,20019,2,1|1
stn46,2016-04-16 16:08:00,P,0,2016-04-16 16:08:00,P,0,0,0,9,8,20019,2,1|1
stn47,2016-04-16 16:17:00,P,0,2016-04-16 16:17:00,P,0,0,0,14,15,20019,2,1|1
stn48,2016-04-16 16:31:00,P,0,2016-04-16 16:33:00,P,0,2,2,9,8,20019,2,1|1
stn49,2016-04-16 16:42:00,P,0,2016-04-16 16:42:00,P,0,0,0,16,14,20019,2,1|1
stn50,2016-04-16 16:58:00,P,0,2016-04-16 16:58:00,P,0,0,0,17,14,20019,2,1|1
stn51,2016-04-16 17:15:00,P,0,2016-04-16 17:15:00,P,0,0,0,16,14,20019,2,1|1
stn52,2016-04-16 17:31:00,P,0,2016-04-16 17:33:00,P,0,2,2,18,16,20019,2,1|1
stn53,2016-04-16 17:51:00,P,0,2016-04-16 17:51:00,P,0,0,0,18,17,20019,2,1|1
stn54,2016-04-16 18:09:00,P,0,2016-04-16 18:11:00,P,0,2,2,27,17,20019,2,1|1
stn55,2016-04-16 18:38:00,P,0,2016-04-16 18:38:00,P,0,0,0,15,9,20019,2,1|1
stn56,2016-04-16 18:53:00,P,0,2016-04-16 18:53:00,P,0,0,0,13,7,20019,2,1|1
stn57,2016-04-16 19:06:00,P,0,2016-04-16 19:06:00,P,0,0,0,15,9,20019,2,1|1
stn58,2016-04-16 19:21:00,P,0,2016-04-16 19:21:00,P,0,0,0,7,4,20019,2,1|1
stn59,2016-04-16 19:28:00,P,0,2016-04-16 19:28:00,P,0,0,0,0,0,20019,2,1|1
stn01,2016-04-16 19:15:00,P,0,2016-04-16 19:15:00,P,0,0,0,14,14,20020,2,1|1
stn02,2016-04-16 19:29:00,P,0,2016-04-16 19:29:00,P,0,0,0,19,19,20020,2,1|1
stn03,2016-04-16 19:48:00,P,0,2016-04-16 19:48:00,P,0,0,0,18,18,20020,2,1|1
stn04,2016-04-16 20:06:00,P,0,2016-04-16 20:06:00,P,0,0,0,17,17,20020,2,1|1
stn05,2016-04-16 20:23:00,P,0,2016-04-16 20:23:00,P,0,0,0,9,11,20020,2,1|1
stn06,2016-04-16 20:32:00,P,0,2016-04-16 20:32:00,P,0,0,0,11,8,20020,2,1|1
stn07,2016-04-16 20:43:00,P,0,2016-04-16 20:43:00,P,0,0,0,19,19,20020,2,1|1
stn08,2016-04-16 21:02:00,P,0,2016-04-16 21:02:00,P,0,0,0,14,14,20020,2,1|1
stn09,2016-04-16 21:16:00,P,0,2016-04-16 21:16:00,P,0,0,0,18,17,20020,2,1|1
stn10,2016-04-16 21:34:00,P,0,2016-04-16 21:36:00,P,0,2,2,9,10,20020,2,1|1
stn11,2016-04-16 21:45:00,P,0,2016-04-16 21:45:00,P,0,0,0,7,9,20020,2,1|1
stn12,2016-04-16 21:52:00,P,0,2016-04-16 21:52:00,P,0,0,0,3,11,20020,2,1|1
stn13,2016-04-16 21:55:00,P,0,2016-04-16 21:55:00,P,0,0,0,18,15,20020,2,1|1
stn14,2016-04-16 22:13:00,P,0,2016-04-16 22:13:00,P,0,0,0,12,15,20020,2,1|1
stn15,2016-04-16 22:25:00,P,0,2016-04-16 22:25:00,P,0,0,0,11,13,20020,2,1|1
stn16,2016-04-16 22:36:00,P,0,2016-04-16 22:36:00,P,0,0,0,6,7,20020,2,1|1
stn17,2016-04-16 22:42:00,P,0,2016-04-16 22:47:00,P,0,5,5,11,17,20020,2,1|1
stn18,2016-04-16 22:58:00,P,0,2016-04-16 22:58:00,P,0,0,0,12,18,20020,2,1|1
stn19,2016-04-16 23:10:00,P,0,2016-04-16 23:10:00,P,0,0,0,12,17,20020,2,1|1
stn20,2016-04-16 23:22:00,P,0,2016-04-16 23:22:00,P,0,0,0,12,18,20020,2,1|1
stn21,2016-04-16 23:34:00,P,0,2016-04-16 23:34:00,P,0,0,0,12,18,20020,2,1|1
stn22,2016-04-16 23:46:00,P,0,2016-04-16 23:46:00,P,0,0,0,12,17,20020,2,1|1
stn23,2016-04-16 23:58:00,P,0,2016-04-16 23:58:00,P,0,0,0,11,17,20020,2,1|1
stn24,2016-04-17 00:09:00,P,0,2016-04-17 00:09:00,P,0,0,0,13,19,20020,2,1|1
stn25,2016-04-17 00:22:00,P,0,2016-04-17 00:24:00,P,0,2,2,8,11,20020,2,1|1
stn26,2016-04-17 00:32:00,P,0,2016-04-17 00:32:00,P,0,0,0,7,11,20020,2,1|1
stn27,2016-04-17 00:39:00,P,0,2016-04-17 00:39:00,P,0,0,0,8,11,20020,2,1|1
stn28,2016-04-17 00:47:00,P,0,2016-04-17 00:47:00,P,0,0,0,5,10,20020,2,1|1
stn29,2016-04-17 00:52:00,P,0,2016-04-17 00:52:00,P,0,0,0,8,13,20020,2,1|1
stn30,2016-04-17 01:00:00,P,0,2016-04-17 01:02:00,P,0,2,2,11,12,20020,2,1|1
stn31,2016-04-17 01:13:00,P,0,2016-04-17 01:13:00,P,0,0,0,17,19,20020,2,1|1
stn32,2016-04-17 01:30:00,P,0,2016-04-17 01:30:00,P,0,0,0,16,17,20020,2,1|1
stn33,2016-04-17 01:46:00,P,0,2016-04-17 01:46:00,P,0,0,0,5,5,20020,2,1|1
stn34,2016-04-17 01:51:00,P,0,2016-04-17 01:51:00,P,0,0,0,6,8,20020,2,1|1
stn35,2016-04-17 01:57:00,P,0,2016-04-17 02:07:00,P,0,10,10,16,17,20020,2,1|1
stn36,2016-04-17 02:23:00,P,0,2016-04-17 02:23:00,P,0,0,0,16,18,20020,2,1|1
stn37,2016-04-17 02:39:00,P,0,2016-04-17 02:39:00,P,0,0,0,9,11,20020,2,1|1
stn38,2016-04-17 02:48:00,P,0,2016-04-17 02:48:00,P,0,0,0,9,8,20020,2,1|1
stn39,2016-04-17 02:57:00,P,0,2016-04-17 02:57:00,P,0,0,0,7,8,20020,2,1|1
stn40,2016-04-17 03:04:00,P,0,2016-04-17 03:06:00,P,0,2,2,12,15,20020,2,1|1
stn41,2016-04-17 03:18:00,P,0,2016-04-17 03:18:00,P,0,0,0,13,15,20020,2,1|1
stn42,2016-04-17 03:31:00,P,0,2016-04-17 03:31:00,P,0,0,0,7,8,20020,2,1|1
stn43,2016-04-17 03:38:00,P,0,2016-04-17 03:38:00,P,0,0,0,16,21,20020,2,1|1
stn44,2016-04-17 03:54:00,P,0,2016-04-17 03:54:00,P,0,0,0,12,15,20020,2,1|1
stn45,2016-04-17 04:06:00,P,0,2016-04-17 04:06:00,P,0,0,0,16,19,20020,2,1|1
stn46,2016-04-17 04:22:00,P,0,2016-04-17 04:22:00,P,0,0,0,7,9,20020,2,1|1
stn47,2016-04-17 04:29:00,P,0,2016-04-17 04:29:00,P,0,0,0,13,16,20020,2,1|1
stn48,2016-04-17 04:42:00,P,0,2016-04-17 04:44:00,P,0,2,2,7,8,20020,2,1|1
stn49,2016-04-17 04:51:00,P,0,2016-04-17 04:51:00,P,0,0,0,13,15,20020,2,1|1
stn50,2016-04-17 05:04:00,P,0,2016-04-17 05:04:00,P,0,0,0,14,15,20020,2,1|1
stn51,2016-04-17 05:18:00,P,0,2016-04-17 05:18:00,P,0,0,0,13,15,20020,2,1|1
stn52,2016-04-17 05:31:00,P,0,2016-04-17 05:31:00,P,0,0,0,15,17,20020,2,1|1
stn53,2016-04-17 05:46:00,P,0,2016-04-17 05:46:00,P,0,0,0,16,18,20020,2,1|1
stn54,2016-04-17 06:02:00,P,0,2016-04-17 06:04:00,P,0,2,2,27,18,20020,2,1|1
stn55,2016-04-17 06:31:00,P,0,2016-04-17 06:31:00,P,0,0,0,15,10,20020,2,1|1
stn56,2016-04-17 06:46:00,P,0,2016-04-17 06:46:00,P,0,0,0,12,8,20020,2,1|1
stn57,2016-04-17 06:58:00,P,0,2016-04-17 06:58:00,P,0,0,0,15,10,20020,2,1|1
stn58,2016-04-17 07:13:00,P,0,2016-04-17 07:13:00,P,0,0,0,7,5,20020,2,1|1
stn59,2016-04-17 07:20:00,P,0,2016-04-17 07:20:00,P,0,0,0,0,0,20020,2,1|1
stn59,2016-04-15 12:34:00,P,0,2016-04-15 12:34:00,P,0,0,0,5,5,20021,2,1|1
stn58,2016-04-15 12:39:00,P,0,2016-04-15 12:39:00,P,0,0,0,11,9,20021,2,1|1
stn57,2016-04-15 12:50:00,P,0,2016-04-15 12:50:00,P,0,0,0,8,8,20021,2,1|1
stn56,2016-04-15 12:58:00,P,0,2016-04-15 12:58:00,P,0,0,0,11,9,20021,2,1|1
stn55,2016-04-15 13:09:00,P,0,2016-04-15 13:09:00,P,0,0,0,19,17,20021,2,1|1
stn54,2016-04-15 13:28:00,P,0,2016-04-15 13:30:00,P,0,2,2,13,17,20021,2,1|1
stn53,2016-04-15 13:43:00,P,0,2016-04-15 13:43:00,P,0,0,0,12,16,20021,2,1|1
stn52,2016-04-15 13:55:00,P,0,2016-04-15 13:55:00,P,0,0,0,11,15,20021,2,1|1
stn51,2016-04-15 14:06:00,P,0,2016-04-15 14:06:00,P,0,0,0,11,15,20021,2,1|1
stn50,2016-04-15 14:17:00,P,0,2016-04-15 14:17:00,P,0,0,0,11,15,20021,2,1|1
stn49,2016-04-15 14:28:00,P,0,2016-04-15 14:28:00,P,0,0,0,6,8,20021,2,1|1
stn48,2016-04-15 14:34:00,P,0,2016-04-15 14:34:00,P,0,0,0,12,16,20021,2,1|1
stn47,2016-04-15 14:46:00,P,0,2016-04-15 14:46:00,P,0,0,0,7,9,20021,2,1|1
stn46,2016-04-15 14:53:00,P,0,2016-04-15 14:53:00,P,0,0,0,14,19,20021,2,1|1
stn45,2016-04-15 15:07:00,P,0,2016-04-15 15:07:00,P,0,0,0,11,15,20021,2,1|1
stn44,2016-04-15 15:18:00,P,0,2016-04-15 15:18:00,P,0,0,0,15,20,20021,2,1|1
stn43,2016-04-15 15:33:00,P,0,2016-04-15 15:33:00,P,0,0,0,6,8,20021,2,1|1
stn42,2016-04-15 15:39:00,P,0,2016-04-15 15:39:00,P,0,0,0,11,15,20021,2,1|1
stn41,2016-04-15 15:50:00,P,0,2016-04-15 15:50:00,P,0,0,0,11,14,20021,2,1|1
stn40,2016-04-15 16:01:00,P,0,2016-04-15 16:01:00,P,0,0,0,6,8,20021,2,1|1
stn39,2016-04-15 16:07:00,P,0,2016-04-15 16:07:00,P,0,0,0,8,8,20021,2,1|1
stn38,2016-04-15 16:15:00,P,0,2016-04-15 16:15:00,P,0,0,0,8,10,20021,2,1|1
stn37,2016-04-15 16:23:00,P,0,2016-04-15 16:23:00,P,0,0,0,13,18,20021,2,1|1
stn36,2016-04-15 16:36:00,P,0,2016-04-15 16:36:00,P,0,0,0,14,17,20021,2,1|1
stn35,2016-04-15 16:50:00,P,0,2016-04-15 17:00:00,P,0,10,10,6,8,20021,2,1|1
stn34,2016-04-15 17:06:00,P,0,2016-04-15 17:06:00,P,0,0,0,4,5,20021,2,1|1
stn33,2016-04-15 17:10:00,P,0,2016-04-15 17:10:00,P,0,0,0,14,17,20021,2,1|1
stn32,2016-04-15 17:24:00,P,0,2016-04-15 17:24:00,P,0,0,0,16,18,20021,2,1|1
stn31,2016-04-15 17:40:00,P,0,2016-04-15 17:40:00,P,0,0,0,10,11,20021,2,1|1
stn30,2016-04-15 17:50:00,P,0,2016-04-15 17:50:00,P,0,0,0,9,13,20021,2,1|1
stn29,2016-04-15 17:59:00,P,0,2016-04-15 17:59:00,P,0,0,0,7,10,20021,2,1|1
stn28,2016-04-15 18:06:00,P,0,2016-04-15 18:08:00,P,0,2,2,9,11,20021,2,1|1
stn27,2016-04-15 18:17:00,P,0,2016-04-15 18:17:00,P,0,0,0,9,11,20021,2,1|1
stn26,2016-04-15 18:26:00,P,0,2016-04-15 18:26:00,P,0,0,0,9,11,20021,2,1|1
stn25,2016-04-15 18:35:00,P,0,2016-04-15 18:35:00,P,0,0,0,15,19,20021,2,1|1
stn24,2016-04-15 18:50:00,P,0,2016-04-15 18:52:00,P,0,2,2,12,16,20021,2,1|1
stn23,2016-04-15 19:04:00,P,0,2016-04-15 19:04:00,P,0,0,0,13,17,20021,2,1|1
stn22,2016-04-15 19:17:00,P,0,2016-04-15 19:17:00,P,0,0,0,13,17,20021,2,1|1
stn21,2016-04-15 19:30:00,P,0,2016-04-15 19:30:00,P,0,0,0,13,18,20021,2,1|1
stn20,2016-04-15 19:43:00,P,0,2016-04-15 19:43:00,P,0,0,0,12,17,20021,2,1|1
stn19,2016-04-15 19:55:00,P,0,2016-04-15 19:55:00,P,0,0,0,13,17,20021,2,1|1
stn18,2016-04-15 20:08:00,P,0,2016-04-15 20:08:00,P,0,0,0,12,16,20021,2,1|1
stn17,2016-04-15 20:20:00,P,0,2016-04-15 20:25:00,P,0,5,5,7,7,20021,2,1|1
stn16,2016-04-15 20:32:00,P,0,2016-04-15 20:32:00,P,0,0,0,14,13,20021,2,1|1
stn15,2016-04-15 20:46:00,P,0,2016-04-15 20:46:00,P,0,0,0,14,14,20021,2,1|1
stn14,2016-04-15 21:00:00,P,0,2016-04-15 21:00:00,P,0,0,0,22,15,20021,2,1|1
stn13,2016-04-15 21:22:00,P,0,2016-04-15 21:22:00,P,0,0,0,4,11,20021,2,1|1
stn12,2016-04-15 21:26:00,P,0,2016-04-15 21:26:00,P,0,0,0,10,9,20021,2,1|1
stn11,2016-04-15 21:36:00,P,0,2016-04-15 21:36:00,P,0,0,0,10,10,20021,2,1|1
stn10,2016-04-15 21:46:00,P,0,2016-04-15 21:48:00,P,0,2,2,21,17,20021,2,1|1
stn09,2016-04-15 22:09:00,P,0,2016-04-15 22:09:00,P,0,0,0,17,14,20021,2,1|1
stn08,2016-04-15 22:26:00,P,0,2016-04-15 22:26:00,P,0,0,0,23,19,20021,2,1|1
stn07,2016-04-15 22:49:00,P,0,2016-04-15 22:49:00,P,0,0,0,12,8,20021,2,1|1
stn06,2016-04-15 23:01:00,P,0,2016-04-15 23:01:00,P,0,0,0,11,11,20021,2,1|1
stn05,2016-04-15 23:12:00,P,0,2016-04-15 23:12:00,P,0,0,0,20,17,20021,2,1|1
stn04,2016-04-15 23:32:00,P,0,2016-04-15 23:32:00,P,0,0,0,21,18,20021,2,1|1
stn03,2016-04-15 23:53:00,P,0,2016-04-15 23:53:00,P,0,0,0,23,18,20021,2,1|1
stn02,2016-04-16 00:16:00,P,0,2016-04-16 00:16:00,P,0,0,0,17,14,20021,2,1|1
stn01,2016-04-16 00:33:00,P,0,2016-04-16 00:33:00,P,0,0,0,0,0,20021,2,1|1
stn59,2016-04-16 22:58:00,P,0,2016-04-16 22:58:00,P,0,0,0,5,5,20022,2,1|1
stn58,2016-04-16 23:03:00,P,0,2016-04-16 23:03:00,P,0,0,0,10,9,20022,2,1|1
stn57,2016-04-16 23:13:00,P,0,2016-04-16 23:13:00,P,0,0,0,8,8,20022,2,1|1
stn56,2016-04-16 23:21:00,P,0,2016-04-16 23:21:00,P,0,0,0,10,9,20022,2,1|1
stn55,2016-04-16 23:31:00,P,0,2016-04-16 23:31:00,P,0,0,0,18,17,20022,2,1|1
stn54,2016-04-16 23:49:00,P,0,2016-04-16 23:50:00,P,0,1,1,16,17,20022,2,1|1
stn53,2016-04-17 00:06:00,P,0,2016-04-17 00:06:00,P,0,0,0,15,16,20022,2,1|1
stn52,2016-04-17 00:21:00,P,0,2016-04-17 00:21:00,P,0,0,0,13,15,20022,2,1|1
stn51,2016-04-17 00:34:00,P,0,2016-04-17 00:34:00,P,0,0,0,13,15,20022,2,1|1
stn50,2016-04-17 00:47:00,P,0,2016-04-17 00:47:00,P,0,0,0,13,15,20022,2,1|1
stn49,2016-04-17 01:00:00,P,0,2016-04-17 01:00:00,P,0,0,0,7,8,20022,2,1|1
stn48,2016-04-17 01:07:00,P,0,2016-04-17 01:08:00,P,0,1,1,14,16,20022,2,1|1
stn47,2016-04-17 01:22:00,P,0,2016-04-17 01:22:00,P,0,0,0,9,9,20022,2,1|1
stn46,2016-04-17 01:31:00,P,0,2016-04-17 01:31:00,P,0,0,0,17,19,20022,2,1|1
stn45,2016-04-17 01:48:00,P,0,2016-04-17 01:48:00,P,0,0,0,13,15,20022,2,1|1
stn44,2016-04-17 02:01:00,P,0,2016-04-17 02:01:00,P,0,0,0,19,20,20022,2,1|1
stn43,2016-04-17 02:20:00,P,0,2016-04-17 02:20:00,P,0,0,0,8,8,20022,2,1|1
stn42,2016-04-17 02:28:00,P,0,2016-04-17 02:28:00,P,0,0,0,14,15,20022,2,1|1
stn41,2016-04-17 02:42:00,P,0,2016-04-17 02:42:00,P,0,0,0,13,14,20022,2,1|1
stn40,2016-04-17 02:55:00,P,0,2016-04-17 02:56:00,P,0,1,1,8,8,20022,2,1|1
stn39,2016-04-17 03:04:00,P,0,2016-04-17 03:04:00,P,0,0,0,10,8,20022,2,1|1
stn38,2016-04-17 03:14:00,P,0,2016-04-17 03:14:00,P,0,0,0,10,10,20022,2,1|1
stn37,2016-04-17 03:24:00,P,0,2016-04-17 03:24:00,P,0,0,0,18,18,20022,2,1|1
stn36,2016-04-17 03:42:00,P,0,2016-04-17 03:42:00,P,0,0,0,18,17,20022,2,1|1
stn35,2016-04-17 04:00:00,P,0,2016-04-17 04:10:00,P,0,10,10,8,8,20022,2,1|1
stn34,2016-04-17 04:18:00,P,0,2016-04-17 04:18:00,P,0,0,0,6,5,20022,2,1|1
stn33,2016-04-17 04:24:00,P,0,2016-04-17 04:24:00,P,0,0,0,19,17,20022,2,1|1
stn32,2016-04-17 04:43:00,P,0,2016-04-17 04:43:00,P,0,0,0,21,18,20022,2,1|1
stn31,2016-04-17 05:04:00,P,0,2016-04-17 05:04:00,P,0,0,0,13,11,20022,2,1|1
stn30,2016-04-17 05:17:00,P,0,2016-04-17 05:17:00,P,0,0,0,13,13,20022,2,1|1
stn29,2016-04-17 05:30:00,P,0,2016-04-17 05:30:00,P,0,0,0,9,10,20022,2,1|1
stn28,2016-04-17 05:39:00,P,0,2016-04-17 05:39:00,P,0,0,0,13,11,20022,2,1|1
stn27,2016-04-17 05:52:00,P,0,2016-04-17 05:52:00,P,0,0,0,12,11,20022,2,1|1
stn26,2016-04-17 06:04:00,P,0,2016-04-17 06:04:00,P,0,0,0,13,11,20022,2,1|1
stn25,2016-04-17 06:17:00,P,0,2016-04-17 06:17:00,P,0,0,0,21,19,20022,2,1|1
stn24,2016-04-17 06:38:00,P,0,2016-04-17 06:40:00,P,0,2,2,13,16,20022,2,1|1
stn23,2016-04-17 06:53:00,P,0,2016-04-17 06:53:00,P,0,0,0,13,17,20022,2,1|1
stn22,2016-04-17 07:06:00,P,0,2016-04-17 07:06:00,P,0,0,0,15,17,20022,2,1|1
stn21,2016-04-17 07:21:00,P,0,2016-04-17 07:21:00,P,0,0,0,14,18,20022,2,1|1
stn20,2016-04-17 07:35:00,P,0,2016-04-17 07:35:00,P,0,0,0,13,17,20022,2,1|1
stn19,2016-04-17 07:48:00,P,0,2016-04-17 07:48:00,P,0,0,0,14,17,20022,2,1|1
stn18,2016-04-17 08:02:00,P,0,2016-04-17 08:02:00,P,0,0,0,13,16,20022,2,1|1
stn17,2016-04-17 08:15:00,P,0,2016-04-17 08:20:00,P,0,5,5,7,7,20022,2,1|1
stn16,2016-04-17 08:27:00,P,0,2016-04-17 08:27:00,P,0,0,0,12,13,20022,2,1|1
stn15,2016-04-17 08:39:00,P,0,2016-04-17 08:39:00,P,0,0,0,14,14,20022,2,1|1
stn14,2016-04-17 08:53:00,P,0,2016-04-17 08:53:00,P,0,0,0,21,15,20022,2,1|1
stn13,2016-04-17 09:14:00,P,0,2016-04-17 09:14:00,P,0,0,0,3,11,20022,2,1|1
stn12,2016-04-17 09:17:00,P,0,2016-04-17 09:17:00,P,0,0,0,9,9,20022,2,1|1
stn11,2016-04-17 09:26:00,P,0,2016-04-17 09:26:00,P,0,0,0,10,10,20022,2,1|1
stn10,2016-04-17 09:36:00,P,0,2016-04-17 09:38:00,P,0,2,2,21,17,20022,2,1|1
stn09,2016-04-17 09:59:00,P,0,2016-04-17 09:59:00,P,0,0,0,18,14,20022,2,1|1
stn08,2016-04-17 10:17:00,P,0,2016-04-17 10:17:00,P,0,0,0,23,19,20022,2,1|1
stn07,2016-04-17 10:40:00,P,0,2016-04-17 10:40:00,P,0,0,0,13,8,20022,2,1|1
stn06,2016-04-17 10:53:00,P,0,2016-04-17 10:53:00,P,0,0,0,10,11,20022,2,1|1
stn05,2016-04-17 11:03:00,P,0,2016-04-17 11:03:00,P,0,0,0,21,17,20022,2,1|1
stn04,2016-04-17 11:24:00,P,0,2016-04-17 11:24:00,P,0,0,0,21,18,20022,2,1|1
stn03,2016-04-17 11:45:00,P,0,2016-04-17 11:45:00,P,0,0,0,23,18,20022,2,1|1
stn02,2016-04-17 12:08:00,P,0,2016-04-17 12:08:00,P,0,0,0,17,14,20022,2,1|1
stn01,2016-04-17 12:25:00,P,0,2016-04-17 12:30:00,P,0,5,5,0,0,20022,2,1|1
stn01,2016-04-15 23:30:00,P,0,2016-04-15 23:35:00,P,0,5,5,10,14,20023,2,1|1
stn02,2016-04-15 23:45:00,P,0,2016-04-15 23:45:00,P,0,0,0,14,18,20023,2,1|1
stn03,2016-04-15 23:59:00,P,0,2016-04-15 23:59:00,P,0,0,0,13,18,20023,2,1|1
stn04,2016-04-16 00:12:00,P,0,2016-04-16 00:12:00,P,0,0,0,12,17,20023,2,1|1
stn05,2016-04-16 00:24:00,P,0,2016-04-16 00:24:00,P,0,0,0,6,11,20023,2,1|1
stn06,2016-04-16 00:30:00,P,0,2016-04-16 00:30:00,P,0,0,0,8,8,20023,2,1|1
stn07,2016-04-16 00:38:00,P,0,2016-04-16 00:38:00,P,0,0,0,14,19,20023,2,1|1
stn08,2016-04-16 00:52:00,P,0,2016-04-16 00:52:00,P,0,0,0,10,14,20023,2,1|1
stn09,2016-04-16 01:02:00,P,0,2016-04-16 01:02:00,P,0,0,0,13,17,20023,2,1|1
stn10,2016-04-16 01:15:00,P,0,2016-04-16 01:17:00,P,0,2,2,9,10,20023,2,1|1
stn11,2016-04-16 01:26:00,P,0,2016-04-16 01:26:00,P,0,0,0,9,9,20023,2,1|1
stn12,2016-04-16 01:35:00,P,0,2016-04-16 01:35:00,P,0,0,0,4,11,20023,2,1|1
stn13,2016-04-16 01:39:00,P,0,2016-04-16 01:39:00,P,0,0,0,19,15,20023,2,1|1
stn14,2016-04-16 01:58:00,P,0,2016-04-16 01:58:00,P,0,0,0,13,14,20023,2,1|1
stn15,2016-04-16 02:11:00,P,0,2016-04-16 02:11:00,P,0,0,0,13,13,20023,2,1|1
stn16,2016-04-16 02:24:00,P,0,2016-04-16 02:24:00,P,0,0,0,6,7,20023,2,1|1
stn17,2016-04-16 02:30:00,P,0,2016-04-16 02:35:00,P,0,5,5,13,16,20023,2,1|1
stn18,2016-04-16 02:48:00,P,0,2016-04-16 02:48:00,P,0,0,0,13,17,20023,2,1|1
stn19,2016-04-16 03:01:00,P,0,2016-04-16 03:01:00,P,0,0,0,13,17,20023,2,1|1
stn20,2016-04-16 03:14:00,P,0,2016-04-16 03:14:00,P,0,0,0,14,18,20023,2,1|1
stn21,2016-04-16 03:28:00,P,0,2016-04-16 03:28:00,P,0,0,0,13,17,20023,2,1|1
stn22,2016-04-16 03:41:00,P,0,2016-04-16 03:41:00,P,0,0,0,13,17,20023,2,1|1
stn23,2016-04-16 03:54:00,P,0,2016-04-16 03:54:00,P,0,0,0,13,16,20023,2,1|1
stn24,2016-04-16 04:07:00,P,0,2016-04-16 04:09:00,P,0,2,2,17,19,20023,2,1|1
stn25,2016-04-16 04:26:00,P,0,2016-04-16 04:26:00,P,0,0,0,10,11,20023,2,1|1
stn26,2016-04-16 04:36:00,P,0,2016-04-16 04:36:00,P,0,0,0,10,11,20023,2,1|1
stn27,2016-04-16 04:46:00,P,0,2016-04-16 04:46:00,P,0,0,0,11,11,20023,2,1|1
stn28,2016-04-16 04:57:00,P,0,2016-04-16 04:57:00,P,0,0,0,7,10,20023,2,1|1
stn29,2016-04-16 05:04:00,P,0,2016-04-16 05:04:00,P,0,0,0,10,13,20023,2,1|1
stn30,2016-04-16 05:14:00,P,0,2016-04-16 05:14:00,P,0,0,0,11,11,20023,2,1|1
stn31,2016-04-16 05:25:00,P,0,2016-04-16 05:27:00,P,0,2,2,23,18,20023,2,1|1
stn32,2016-04-16 05:50:00,P,0,2016-04-16 05:50:00,P,0,0,0,20,17,20023,2,1|1
stn33,2016-04-16 06:10:00,P,0,2016-04-16 06:10:00,P,0,0,0,7,5,20023,2,1|1
stn34,2016-04-16 06:17:00,P,0,2016-04-16 06:17:00,P,0,0,0,8,8,20023,2,1|1
stn35,2016-04-16 06:25:00,P,0,2016-04-16 06:35:00,P,0,10,10,17,17,20023,2,1|1
stn36,2016-04-16 06:52:00,P,0,2016-04-16 06:52:00,P,0,0,0,16,18,20023,2,1|1
stn37,2016-04-16 07:08:00,P,0,2016-04-16 07:08:00,P,0,0,0,10,10,20023,2,1|1
stn38,2016-04-16 07:18:00,P,0,2016-04-16 07:18:00,P,0,0,0,9,8,20023,2,1|1
stn39,2016-04-16 07:27:00,P,0,2016-04-16 07:27:00,P,0,0,0,8,8,20023,2,1|1
stn40,2016-04-16 07:35:00,P,0,2016-04-16 07:37:00,P,0,2,2,10,14,20023,2,1|1
stn41,2016-04-16 07:47:00,P,0,2016-04-16 07:47:00,P,0,0,0,10,15,20023,2,1|1
stn42,2016-04-16 07:57:00,P,0,2016-04-16 07:57:00,P,0,0,0,5,8,20023,2,1|1
stn43,2016-04-16 08:02:00,P,0,2016-04-16 08:02:00,P,0,0,0,13,20,20023,2,1|1
stn44,2016-04-16 08:15:00,P,0,2016-04-16 08:15:00,P,0,0,0,10,15,20023,2,1|1
stn45,2016-04-16 08:25:00,P,0,2016-04-16 08:27:00,P,0,2,2,19,19,20023,2,1|1
stn46,2016-04-16 08:46:00,P,0,2016-04-16 08:46:00,P,0,0,0,9,9,20023,2,1|1
stn47,2016-04-16 08:55:00,P,0,2016-04-16 08:55:00,P,0,0,0,15,16,20023,2,1|1
stn48,2016-04-16 09:10:00,P,0,2016-04-16 09:10:00,P,0,0,0,8,8,20023,2,1|1
stn49,2016-04-16 09:18:00,P,0,2016-04-16 09:18:00,P,0,0,0,14,15,20023,2,1|1
stn50,2016-04-16 09:32:00,P,0,2016-04-16 09:32:00,P,0,0,0,15,15,20023,2,1|1
stn51,2016-04-16 09:47:00,P,0,2016-04-16 09:47:00,P,0,0,0,14,15,20023,2,1|1
stn52,2016-04-16 10:01:00,P,0,2016-04-16 10:01:00,P,0,0,0,17,16,20023,2,1|1
stn53,2016-04-16 10:18:00,P,0,2016-04-16 10:18:00,P,0,0,0,17,17,20023,2,1|1
stn54,2016-04-16 10:35:00,P,0,2016-04-16 10:37:00,P,0,2,2,24,17,20023,2,1|1
stn55,2016-04-16 11:01:00,P,0,2016-04-16 11:01:00,P,0,0,0,14,9,20023,2,1|1
stn56,2016-04-16 11:15:00,P,0,2016-04-16 11:15:00,P,0,0,0,11,8,20023,2,1|1
stn57,2016-04-16 11:26:00,P,0,2016-04-16 11:26:00,P,0,0,0,13,9,20023,2,1|1
stn58,2016-04-16 11:39:00,P,0,2016-04-16 11:39:00,P,0,0,0,7,5,20023,2,1|1
stn59,2016-04-16 11:46:00,P,0,2016-04-16 11:46:00,P,0,0,0,0,0,20023,2,1|1
stn35,2016-04-16 16:04:00,P,0,2016-04-16 16:04:00,P,0,0,0,16,17,20024,2,1|1
stn36,2016-04-16 16:20:00,P,0,2016-04-16 16:20:00,P,0,0,0,15,18,20024,2,1|1
stn37,2016-04-16 16:35:00,P,0,2016-04-16 16:37:00,P,0,2,2,9,10,20024,2,1|1
stn38,2016-04-16 16:46:00,P,0,2016-04-16 16:46:00,P,0,0,0,8,8,20024,2,1|1
stn39,2016-04-16 16:54:00,P,0,2016-04-16 16:54:00,P,0,0,0,7,8,20024,2,1|1
stn40,2016-04-16 17:01:00,P,0,2016-04-16 17:03:00,P,0,2,2,12,14,20024,2,1|1
stn41,2016-04-16 17:15:00,P,0,2016-04-16 17:15:00,P,0,0,0,12,15,20024,2,1|1
stn42,2016-04-16 17:27:00,P,0,2016-04-16 17:27:00,P,0,0,0,7,8,20024,2,1|1
stn43,2016-04-16 17:34:00,P,0,2016-04-16 17:34:00,P,0,0,0,16,20,20024,2,1|1
stn44,2016-04-16 17:50:00,P,0,2016-04-16 17:51:00,P,0,1,1,13,15,20024,2,1|1
stn45,2016-04-16 18:04:00,P,0,2016-04-16 18:04:00,P,0,0,0,16,19,20024,2,1|1
stn46,2016-04-16 18:20:00,P,0,2016-04-16 18:20:00,P,0,0,0,8,9,20024,2,1|1
stn47,2016-04-16 18:28:00,P,0,2016-04-16 18:28:00,P,0,0,0,14,16,20024,2,1|1
stn48,2016-04-16 18:42:00,P,0,2016-04-16 18:43:00,P,0,1,1,4,8,20024,2,1|1
stn49,2016-04-16 18:47:00,P,0,2016-04-16 18:47:00,P,0,0,0,14,15,20024,2,1|1
stn50,2016-04-16 19:01:00,P,0,2016-04-16 19:01:00,P,0,0,0,17,15,20024,2,1|1
stn51,2016-04-16 19:18:00,P,0,2016-04-16 19:18:00,P,0,0,0,16,15,20024,2,1|1
stn52,2016-04-16 19:34:00,P,0,2016-04-16 19:35:00,P,0,1,1,7,16,20024,2,1|1
stn53,2016-04-16 19:42:00,P,0,2016-04-16 19:42:00,P,0,0,0,8,17,20024,2,1|1
stn54,2016-04-16 19:50:00,P,0,2016-04-16 19:51:00,P,0,1,1,15,17,20024,2,1|1
stn55,2016-04-16 20:06:00,P,0,2016-04-16 20:06:00,P,0,0,0,9,9,20024,2,1|1
stn56,2016-04-16 20:15:00,P,0,2016-04-16 20:15:00,P,0,0,0,6,8,20024,2,1|1
stn57,2016-04-16 20:21:00,P,0,2016-04-16 20:21:00,P,0,0,0,9,9,20024,2,1|1
stn58,2016-04-16 20:30:00,P,0,2016-04-16 20:31:00,P,0,1,1,12,5,20024,2,1|1
stn59,2016-04-16 20:43:00,P,0,2016-04-16 20:43:00,P,0,0,0,0,0,20024,2,1|1
stn59,2016-04-16 08:39:00,P,0,2016-04-16 08:39:00,P,0,0,0,8,5,20025,2,1|1
stn58,2016-04-16 08:47:00,P,0,2016-04-16 08:48:00,P,0,1,1,10,9,20025,2,1|1
stn57,2016-04-16 08:58:00,P,0,2016-04-16 08:58:00,P,0,0,0,8,8,20025,2,1|1
stn56,2016-04-16 09:06:00,P,0,2016-04-16 09:06:00,P,0,0,0,10,9,20025,2,1|1
stn55,2016-04-16 09:16:00,P,0,2016-04-16 09:16:00,P,0,0,0,18,17,20025,2,1|1
stn54,2016-04-16 09:34:00,P,0,2016-04-16 09:35:00,P,0,1,1,12,17,20025,2,1|1
stn53,2016-04-16 09:47:00,P,0,2016-04-16 09:47:00,P,0,0,0,11,16,20025,2,1|1
stn52,2016-04-16 09:58:00,P,0,2016-04-16 09:59:00,P,0,1,1,11,15,20025,2,1|1
stn51,2016-04-16 10:10:00,P,0,2016-04-16 10:10:00,P,0,0,0,11,15,20025,2,1|1
stn50,2016-04-16 10:21:00,P,0,2016-04-16 10:21:00,P,0,0,0,17,15,20025,2,1|1
stn49,2016-04-16 10:38:00,P,0,2016-04-16 10:38:00,P,0,0,0,10,8,20025,2,1|1
stn48,2016-04-16 10:48:00,P,0,2016-04-16 10:49:00,P,0,1,1,16,16,20025,2,1|1
stn47,2016-04-16 11:05:00,P,0,2016-04-16 11:05:00,P,0,0,0,9,9,20025,2,1|1
stn46,2016-04-16 11:14:00,P,0,2016-04-16 11:14:00,P,0,0,0,19,19,20025,2,1|1
stn45,2016-04-16 11:33:00,P,0,2016-04-16 11:33:00,P,0,0,0,15,15,20025,2,1|1
stn44,2016-04-16 11:48:00,P,0,2016-04-16 11:49:00,P,0,1,1,15,20,20025,2,1|1
stn43,2016-04-16 12:04:00,P,0,2016-04-16 12:04:00,P,0,0,0,6,8,20025,2,1|1
stn42,2016-04-16 12:10:00,P,0,2016-04-16 12:10:00,P,0,0,0,11,15,20025,2,1|1
stn41,2016-04-16 12:21:00,P,0,2016-04-16 12:21:00,P,0,0,0,11,14,20025,2,1|1
stn40,2016-04-16 12:32:00,P,0,2016-04-16 12:33:00,P,0,1,1,7,8,20025,2,1|1
stn39,2016-04-16 12:40:00,P,0,2016-04-16 12:40:00,P,0,0,0,8,8,20025,2,1|1
stn38,2016-04-16 12:48:00,P,0,2016-04-16 12:48:00,P,0,0,0,8,10,20025,2,1|1
stn37,2016-04-16 12:56:00,P,0,2016-04-16 12:57:00,P,0,1,1,21,18,20025,2,1|1
stn36,2016-04-16 13:18:00,P,0,2016-04-16 13:18:00,P,0,0,0,23,17,20025,2,1|1
stn35,2016-04-16 13:41:00,P,0,2016-04-16 13:41:00,P,0,0,0,0,0,20025,2,1|1
stn59,2016-04-16 13:08:00,P,0,2016-04-16 13:08:00,P,0,0,0,5,4,20026,2,1|1
stn58,2016-04-16 13:13:00,P,0,2016-04-16 13:13:00,P,0,0,0,11,9,20026,2,1|1
stn57,2016-04-16 13:24:00,P,0,2016-04-16 13:24:00,P,0,0,0,8,7,20026,2,1|1
stn56,2016-04-16 13:32:00,P,0,2016-04-16 13:32:00,P,0,0,0,11,9,20026,2,1|1
stn55,2016-04-16 13:43:00,P,0,2016-04-16 13:43:00,P,0,0,0,19,17,20026,2,1|1
stn54,2016-04-16 14:02:00,P,0,2016-04-16 14:04:00,P,0,2,2,12,17,20026,2,1|1
stn53,2016-04-16 14:16:00,P,0,2016-04-16 14:16:00,P,0,0,0,12,16,20026,2,1|1
stn52,2016-04-16 14:28:00,P,0,2016-04-16 14:28:00,P,0,0,0,10,14,20026,2,1|1
stn51,2016-04-16 14:38:00,P,0,2016-04-16 14:38:00,P,0,0,0,10,14,20026,2,1|1
stn50,2016-04-16 14:48:00,P,0,2016-04-16 14:48:00,P,0,0,0,10,14,20026,2,1|1
stn49,2016-04-16 14:58:00,P,0,2016-04-16 14:58:00,P,0,0,0,5,8,20026,2,1|1
stn48,2016-04-16 15:03:00,P,0,2016-04-16 15:03:00,P,0,0,0,11,15,20026,2,1|1
stn47,2016-04-16 15:14:00,P,0,2016-04-16 15:14:00,P,0,0,0,6,8,20026,2,1|1
stn46,2016-04-16 15:20:00,P,0,2016-04-16 15:20:00,P,0,0,0,13,18,20026,2,1|1
stn45,2016-04-16 15:33:00,P,0,2016-04-16 15:33:00,P,0,0,0,11,14,20026,2,1|1
stn44,2016-04-16 15:44:00,P,0,2016-04-16 15:44:00,P,0,0,0,14,20,20026,2,1|1
stn43,2016-04-16 15:58:00,P,0,2016-04-16 15:58:00,P,0,0,0,5,8,20026,2,1|1
stn42,2016-04-16 16:03:00,P,0,2016-04-16 16:03:00,P,0,0,0,11,15,20026,2,1|1
stn41,2016-04-16 16:14:00,P,0,2016-04-16 16:14:00,P,0,0,0,10,14,20026,2,1|1
stn40,2016-04-16 16:24:00,P,0,2016-04-16 16:26:00,P,0,2,2,7,8,20026,2,1|1
stn39,2016-04-16 16:33:00,P,0,2016-04-16 16:33:00,P,0,0,0,9,8,20026,2,1|1
stn38,2016-04-16 16:42:00,P,0,2016-04-16 16:42:00,P,0,0,0,10,10,20026,2,1|1
stn37,2016-04-16 16:52:00,P,0,2016-04-16 16:52:00,P,0,0,0,15,17,20026,2,1|1
stn36,2016-04-16 17:07:00,P,0,2016-04-16 17:07:00,P,0,0,0,17,17,20026,2,1|1
stn35,2016-04-16 17:24:00,P,0,2016-04-16 17:34:00,P,0,10,10,6,8,20026,2,1|1
stn34,2016-04-16 17:40:00,P,0,2016-04-16 17:40:00,P,0,0,0,5,5,20026,2,1|1
stn33,2016-04-16 17:45:00,P,0,2016-04-16 17:45:00,P,0,0,0,15,16,20026,2,1|1
stn32,2016-04-16 18:00:00,P,0,2016-04-16 18:02:00,P,0,2,2,14,18,20026,2,1|1
stn31,2016-04-16 18:16:00,P,0,2016-04-16 18:16:00,P,0,0,0,10,11,20026,2,1|1
stn30,2016-04-16 18:26:00,P,0,2016-04-16 18:26:00,P,0,0,0,8,12,20026,2,1|1
stn29,2016-04-16 18:34:00,P,0,2016-04-16 18:34:00,P,0,0,0,7,10,20026,2,1|1
stn28,2016-04-16 18:41:00,P,0,2016-04-16 18:41:00,P,0,0,0,9,11,20026,2,1|1
stn27,2016-04-16 18:50:00,P,0,2016-04-16 18:50:00,P,0,0,0,8,10,20026,2,1|1
stn26,2016-04-16 18:58:00,P,0,2016-04-16 18:58:00,P,0,0,0,9,11,20026,2,1|1
stn25,2016-04-16 19:07:00,P,0,2016-04-16 19:07:00,P,0,0,0,15,18,20026,2,1|1
stn24,2016-04-16 19:22:00,P,0,2016-04-16 19:22:00,P,0,0,0,12,16,20026,2,1|1
stn23,2016-04-16 19:34:00,P,0,2016-04-16 19:34:00,P,0,0,0,13,16,20026,2,1|1
stn22,2016-04-16 19:47:00,P,0,2016-04-16 19:47:00,P,0,0,0,14,17,20026,2,1|1
stn21,2016-04-16 20:01:00,P,0,2016-04-16 20:01:00,P,0,0,0,14,17,20026,2,1|1
stn20,2016-04-16 20:15:00,P,0,2016-04-16 20:15:00,P,0,0,0,13,16,20026,2,1|1
stn19,2016-04-16 20:28:00,P,0,2016-04-16 20:28:00,P,0,0,0,13,17,20026,2,1|1
stn18,2016-04-16 20:41:00,P,0,2016-04-16 20:41:00,P,0,0,0,13,16,20026,2,1|1
stn17,2016-04-16 20:54:00,P,0,2016-04-16 20:59:00,P,0,5,5,8,7,20026,2,1|1
stn16,2016-04-16 21:07:00,P,0,2016-04-16 21:07:00,P,0,0,0,16,13,20026,2,1|1
stn15,2016-04-16 21:23:00,P,0,2016-04-16 21:23:00,P,0,0,0,17,14,20026,2,1|1
stn14,2016-04-16 21:40:00,P,0,2016-04-16 21:40:00,P,0,0,0,25,14,20026,2,1|1
stn13,2016-04-16 22:05:00,P,0,2016-04-16 22:05:00,P,0,0,0,4,10,20026,2,1|1
stn12,2016-04-16 22:09:00,P,0,2016-04-16 22:09:00,P,0,0,0,11,9,20026,2,1|1
stn11,2016-04-16 22:20:00,P,0,2016-04-16 22:20:00,P,0,0,0,12,10,20026,2,1|1
stn10,2016-04-16 22:32:00,P,0,2016-04-16 22:32:00,P,0,0,0,20,17,20026,2,1|1
stn09,2016-04-16 22:52:00,P,0,2016-04-16 22:52:00,P,0,0,0,17,14,20026,2,1|1
stn08,2016-04-16 23:09:00,P,0,2016-04-16 23:09:00,P,0,0,0,22,18,20026,2,1|1
stn07,2016-04-16 23:31:00,P,0,2016-04-16 23:31:00,P,0,0,0,12,8,20026,2,1|1
stn06,2016-04-16 23:43:00,P,0,2016-04-16 23:43:00,P,0,0,0,10,10,20026,2,1|1
stn05,2016-04-16 23:53:00,P,0,2016-04-16 23:53:00,P,0,0,0,19,16,20026,2,1|1
stn04,2016-04-17 00:12:00,P,0,2016-04-17 00:12:00,P,0,0,0,21,17,20026,2,1|1
stn03,2016-04-17 00:33:00,P,0,2016-04-17 00:33:00,P,0,0,0,21,18,20026,2,1|1
stn02,2016-04-17 00:54:00,P,0,2016-04-17 00:54:00,P,0,0,0,16,13,20026,2,1|1
stn01,2016-04-17 01:10:00,P,0,2016-04-17 01:10:00,P,0,0,0,0,0,20026,2,1|1
stn01,2016-04-16 09:55:00,P,0,2016-04-16 09:55:00,P,0,0,0,18,14,20027,2,1|1
stn02,2016-04-16 10:13:00,P,0,2016-04-16 10:13:00,P,0,0,0,24,19,20027,2,1|1
stn03,2016-04-16 10:37:00,P,0,2016-04-16 10:37:00,P,0,0,0,23,18,20027,2,1|1
stn04,2016-04-16 11:00:00,P,0,2016-04-16 11:00:00,P,0,0,0,22,17,20027,2,1|1
stn05,2016-04-16 11:22:00,P,0,2016-04-16 11:22:00,P,0,0,0,11,11,20027,2,1|1
stn06,2016-04-16 11:33:00,P,0,2016-04-16 11:33:00,P,0,0,0,14,8,20027,2,1|1
stn07,2016-04-16 11:47:00,P,0,2016-04-16 11:47:00,P,0,0,0,24,19,20027,2,1|1
stn08,2016-04-16 12:11:00,P,0,2016-04-16 12:11:00,P,0,0,0,19,14,20027,2,1|1
stn09,2016-04-16 12:30:00,P,0,2016-04-16 12:30:00,P,0,0,0,22,17,20027,2,1|1
stn10,2016-04-16 12:52:00,P,0,2016-04-16 12:52:00,P,0,0,0,13,10,20027,2,1|1
stn11,2016-04-16 13:05:00,P,0,2016-04-16 13:05:00,P,0,0,0,12,9,20027,2,1|1
stn12,2016-04-16 13:17:00,P,0,2016-04-16 13:17:00,P,0,0,0,6,11,20027,2,1|1
stn13,2016-04-16 13:23:00,P,0,2016-04-16 13:23:00,P,0,0,0,28,15,20027,2,1|1
stn14,2016-04-16 13:51:00,P,0,2016-04-16 13:51:00,P,0,0,0,19,15,20027,2,1|1
stn15,2016-04-16 14:10:00,P,0,2016-04-16 14:10:00,P,0,0,0,17,13,20027,2,1|1
stn16,2016-04-16 14:27:00,P,0,2016-04-16 14:27:00,P,0,0,0,9,7,20027,2,1|1
stn17,2016-04-16 14:36:00,P,0,2016-04-16 14:41:00,P,0,5,5,18,17,20027,2,1|1
stn18,2016-04-16 14:59:00,P,0,2016-04-16 14:59:00,P,0,0,0,19,18,20027,2,1|1
stn19,2016-04-16 15:18:00,P,0,2016-04-16 15:18:00,P,0,0,0,19,17,20027,2,1|1
stn20,2016-04-16 15:37:00,P,0,2016-04-16 15:37:00,P,0,0,0,20,18,20027,2,1|1
stn21,2016-04-16 15:57:00,P,0,2016-04-16 15:57:00,P,0,0,0,19,18,20027,2,1|1
stn22,2016-04-16 16:16:00,P,0,2016-04-16 16:16:00,P,0,0,0,19,17,20027,2,1|1
stn23,2016-04-16 16:35:00,P,0,2016-04-16 16:35:00,P,0,0,0,18,17,20027,2,1|1
stn24,2016-04-16 16:53:00,P,0,2016-04-16 16:53:00,P,0,0,0,21,19,20027,2,1|1
stn25,2016-04-16 17:14:00,P,0,2016-04-16 17:14:00,P,0,0,0,13,11,20027,2,1|1
stn26,2016-04-16 17:27:00,P,0,2016-04-16 17:27:00,P,0,0,0,12,11,20027,2,1|1
stn27,2016-04-16 17:39:00,P,0,2016-04-16 17:39:00,P,0,0,0,12,11,20027,2,1|1
stn28,2016-04-16 17:51:00,P,0,2016-04-16 17:51:00,P,0,0,0,10,10,20027,2,1|1
stn29,2016-04-16 18:01:00,P,0,2016-04-16 18:01:00,P,0,0,0,12,13,20027,2,1|1
stn30,2016-04-16 18:13:00,P,0,2016-04-16 18:13:00,P,0,0,0,13,12,20027,2,1|1
stn31,2016-04-16 18:26:00,P,0,2016-04-16 18:26:00,P,0,0,0,21,19,20027,2,1|1
stn32,2016-04-16 18:47:00,P,0,2016-04-16 18:49:00,P,0,2,2,28,17,20027,2,1|1
stn33,2016-04-16 19:17:00,P,0,2016-04-16 19:17:00,P,0,0,0,8,5,20027,2,1|1
stn34,2016-04-16 19:25:00,P,0,2016-04-16 19:25:00,P,0,0,0,11,8,20027,2,1|1
stn35,2016-04-16 19:36:00,P,0,2016-04-16 19:46:00,P,0,10,10,20,17,20027,2,1|1
stn36,2016-04-16 20:06:00,P,0,2016-04-16 20:06:00,P,0,0,0,20,18,20027,2,1|1
stn37,2016-04-16 20:26:00,P,0,2016-04-16 20:26:00,P,0,0,0,11,11,20027,2,1|1
stn38,2016-04-16 20:37:00,P,0,2016-04-16 20:37:00,P,0,0,0,11,8,20027,2,1|1
stn39,2016-04-16 20:48:00,P,0,2016-04-16 20:48:00,P,0,0,0,9,8,20027,2,1|1
stn40,2016-04-16 20:57:00,P,0,2016-04-16 20:59:00,P,0,2,2,12,15,20027,2,1|1
stn41,2016-04-16 21:11:00,P,0,2016-04-16 21:11:00,P,0,0,0,12,15,20027,2,1|1
stn42,2016-04-16 21:23:00,P,0,2016-04-16 21:23:00,P,0,0,0,6,8,20027,2,1|1
stn43,2016-04-16 21:29:00,P,0,2016-04-16 21:29:00,P,0,0,0,16,21,20027,2,1|1
stn44,2016-04-16 21:45:00,P,0,2016-04-16 21:45:00,P,0,0,0,12,15,20027,2,1|1
stn45,2016-04-16 21:57:00,P,0,2016-04-16 21:57:00,P,0,0,0,15,19,20027,2,1|1
stn46,2016-04-16 22:12:00,P,0,2016-04-16 22:12:00,P,0,0,0,7,9,20027,2,1|1
stn47,2016-04-16 22:19:00,P,0,2016-04-16 22:19:00,P,0,0,0,12,16,20027,2,1|1
stn48,2016-04-16 22:31:00,P,0,2016-04-16 22:31:00,P,0,0,0,6,8,20027,2,1|1
stn49,2016-04-16 22:37:00,P,0,2016-04-16 22:37:00,P,0,0,0,12,15,20027,2,1|1
stn50,2016-04-16 22:49:00,P,0,2016-04-16 22:49:00,P,0,0,0,12,15,20027,2,1|1
stn51,2016-04-16 23:01:00,P,0,2016-04-16 23:01:00,P,0,0,0,11,15,20027,2,1|1
stn52,2016-04-16 23:12:00,P,0,2016-04-16 23:12:00,P,0,0,0,13,17,20027,2,1|1
stn53,2016-04-16 23:25:00,P,0,2016-04-16 23:25:00,P,0,0,0,14,18,20027,2,1|1
stn54,2016-04-16 23:39:00,P,0,2016-04-16 23:41:00,P,0,2,2,26,18,20027,2,1|1
stn55,2016-04-17 00:07:00,P,0,2016-04-17 00:07:00,P,0,0,0,14,10,20027,2,1|1
stn56,2016-04-17 00:21:00,P,0,2016-04-17 00:21:00,P,0,0,0,12,8,20027,2,1|1
stn57,2016-04-17 00:33:00,P,0,2016-04-17 00:33:00,P,0,0,0,15,10,20027,2,1|1
stn58,2016-04-17 00:48:00,P,0,2016-04-17 00:48:00,P,0,0,0,7,5,20027,2,1|1
stn59,2016-04-17 00:55:00,P,0,2016-04-17 00:55:00,P,0,0,0,0,0,20027,2,1|1
stn28,2016-04-16 05:03:00,P,0,2016-04-16 05:03:00,P,0,0,0,10,14,30001,3,1|1
stn27,2016-04-16 05:13:00,P,0,2016-04-16 05:15:00,P,0,2,2,16,13,30001,3,1|1
stn26,2016-04-16 05:31:00,P,0,2016-04-16 05:33:00,P,0,2,2,20,14,30001,3,1|1
stn25,2016-04-16 05:53:00,P,0,2016-04-16 05:55:00,P,0,2,2,18,24,30001,3,1|1
stn24,2016-04-16 06:13:00,P,0,2016-04-16 06:15:00,P,0,2,2,19,21,30001,3,1|1
stn23,2016-04-16 06:34:00,P,0,2016-04-16 06:34:00,P,0,0,0,19,21,30001,3,1|1
stn22,2016-04-16 06:53:00,P,0,2016-04-16 06:55:00,P,0,2,2,16,22,30001,3,1|1
stn21,2016-04-16 07:11:00,P,0,2016-04-16 07:13:00,P,0,2,2,20,22,30001,3,1|1
stn20,2016-04-16 07:33:00,P,0,2016-04-16 07:35:00,P,0,2,2,18,21,30001,3,1|1
stn19,2016-04-16 07:53:00,P,0,2016-04-16 07:55:00,P,0,2,2,25,22,30001,3,1|1
stn18,2016-04-16 08:20:00,P,0,2016-04-16 08:20:00,P,0,0,0,23,20,30001,3,1|1
stn17,2016-04-16 08:43:00,P,0,2016-04-16 08:48:00,P,0,5,5,5,9,30001,3,1|1
stn16,2016-04-16 08:53:00,P,0,2016-04-16 08:53:00,P,0,0,0,10,17,30001,3,1|1
stn15,2016-04-16 09:03:00,P,0,2016-04-16 09:03:00,P,0,0,0,10,18,30001,3,1|1
stn14,2016-04-16 09:13:00,P,0,2016-04-16 09:15:00,P,0,2,2,22,18,30001,3,1|1
stn13,2016-04-16 09:37:00,P,0,2016-04-16 09:37:00,P,0,0,0,4,13,30001,3,1|1
stn12,2016-04-16 09:41:00,P,0,2016-04-16 09:43:00,P,0,2,2,9,11,30001,3,1|1
stn11,2016-04-16 09:52:00,P,0,2016-04-16 09:52:00,P,0,0,0,11,13,30001,3,1|1
stn10,2016-04-16 10:03:00,P,0,2016-04-16 10:05:00,P,0,2,2,15,22,30001,3,1|1
stn09,2016-04-16 10:20:00,P,0,2016-04-16 10:20:00,P,0,0,0,13,18,30001,3,1|1
stn08,2016-04-16 10:33:00,P,0,2016-04-16 10:35:00,P,0,2,2,22,24,30001,3,1|1
stn07,2016-04-16 10:57:00,P,0,2016-04-16 10:57:00,P,0,0,0,12,10,30001,3,1|1
stn06,2016-04-16 11:09:00,P,0,2016-04-16 11:09:00,P,0,0,0,10,13,30001,3,1|1
stn05,2016-04-16 11:19:00,P,0,2016-04-16 11:19:00,P,0,0,0,20,21,30001,3,1|1
stn04,2016-04-16 11:39:00,P,0,2016-04-16 11:39:00,P,0,0,0,20,22,30001,3,1|1
stn03,2016-04-16 11:59:00,P,0,2016-04-16 12:01:00,P,0,2,2,30,23,30001,3,1|1
stn02,2016-04-16 12:31:00,P,0,2016-04-16 12:31:00,P,0,0,0,22,17,30001,3,1|1
stn01,2016-04-16 12:53:00,P,0,2016-04-16 12:58:00,P,0,5,5,0,0,30001,3,1|1
stn35,2016-04-16 05:25:00,P,0,2016-04-16 05:30:00,P,0,5,5,12,17,30002,3,1|1
stn34,2016-04-16 05:42:00,P,0,2016-04-16 05:42:00,P,0,0,0,0,0,30002,3,1|1
stn01,2016-04-16 10:10:00,P,0,2016-04-16 10:10:00,P,0,0,0,10,15,30003,3,1|1
stn02,2016-04-16 10:20:00,P,0,2016-04-16 10:20:00,P,0,0,0,14,21,30003,3,1|1
stn03,2016-04-16 10:34:00,P,0,2016-04-16 10:35:00,P,0,1,1,12,20,30003,3,1|1
stn04,2016-04-16 10:47:00,P,0,2016-04-16 10:47:00,P,0,0,0,12,19,30003,3,1|1
stn05,2016-04-16 10:59:00,P,0,2016-04-16 10:59:00,P,0,0,0,6,12,30003,3,1|1
stn06,2016-04-16 11:05:00,P,0,2016-04-16 11:05:00,P,0,0,0,8,9,30003,3,1|1
stn07,2016-04-16 11:13:00,P,0,2016-04-16 11:13:00,P,0,0,0,13,21,30003,3,1|1
stn08,2016-04-16 11:26:00,P,0,2016-04-16 11:27:00,P,0,1,1,14,16,30003,3,1|1
stn09,2016-04-16 11:41:00,P,0,2016-04-16 11:41:00,P,0,0,0,17,19,30003,3,1|1
stn10,2016-04-16 11:58:00,P,0,2016-04-16 11:59:00,P,0,1,1,8,11,30003,3,1|1
stn11,2016-04-16 12:07:00,P,0,2016-04-16 12:07:00,P,0,0,0,8,10,30003,3,1|1
stn12,2016-04-16 12:15:00,P,0,2016-04-16 12:15:00,P,0,0,0,3,12,30003,3,1|1
stn13,2016-04-16 12:18:00,P,0,2016-04-16 12:18:00,P,0,0,0,17,16,30003,3,1|1
stn14,2016-04-16 12:35:00,P,0,2016-04-16 12:36:00,P,0,1,1,14,16,30003,3,1|1
stn15,2016-04-16 12:50:00,P,0,2016-04-16 12:50:00,P,0,0,0,13,15,30003,3,1|1
stn16,2016-04-16 13:03:00,P,0,2016-04-16 13:03:00,P,0,0,0,7,8,30003,3,1|1
stn17,2016-04-16 13:10:00,P,0,2016-04-16 13:15:00,P,0,5,5,14,18,30003,3,1|1
stn18,2016-04-16 13:29:00,P,0,2016-04-16 13:29:00,P,0,0,0,14,19,30003,3,1|1
stn19,2016-04-16 13:43:00,P,0,2016-04-16 13:44:00,P,0,1,1,16,19,30003,3,1|1
stn20,2016-04-16 14:00:00,P,0,2016-04-16 14:00:00,P,0,0,0,17,20,30003,3,1|1
stn21,2016-04-16 14:17:00,P,0,2016-04-16 14:18:00,P,0,1,1,21,20,30003,3,1|1
stn22,2016-04-16 14:39:00,P,0,2016-04-16 14:40:00,P,0,1,1,20,19,30003,3,1|1
stn23,2016-04-16 15:00:00,P,0,2016-04-16 15:00:00,P,0,0,0,19,18,30003,3,1|1
stn24,2016-04-16 15:19:00,P,0,2016-04-16 15:20:00,P,0,1,1,15,21,30003,3,1|1
stn25,2016-04-16 15:35:00,P,0,2016-04-16 15:36:00,P,0,1,1,13,12,30003,3,1|1
stn26,2016-04-16 15:49:00,P,0,2016-04-16 15:50:00,P,0,1,1,12,12,30003,3,1|1
stn27,2016-04-16 16:02:00,P,0,2016-04-16 16:02:00,P,0,0,0,13,12,30003,3,1|1
stn28,2016-04-16 16:15:00,P,0,2016-04-16 16:16:00,P,0,1,1,11,11,30003,3,1|1
stn29,2016-04-16 16:27:00,P,0,2016-04-16 16:27:00,P,0,0,0,14,14,30003,3,1|1
stn30,2016-04-16 16:41:00,P,0,2016-04-16 16:42:00,P,0,1,1,13,13,30003,3,1|1
stn31,2016-04-16 16:55:00,P,0,2016-04-16 16:56:00,P,0,1,1,23,21,30003,3,1|1
stn32,2016-04-16 17:19:00,P,0,2016-04-16 17:20:00,P,0,1,1,53,19,30003,3,1|1
stn33,2016-04-16 18:13:00,P,0,2016-04-16 18:13:00,P,0,0,0,16,6,30003,3,1|1
stn34,2016-04-16 18:29:00,P,0,2016-04-16 18:29:00,P,0,0,0,21,9,30003,3,1|1
stn35,2016-04-16 18:50:00,P,0,2016-04-16 18:50:00,P,0,0,0,0,0,30003,3,1|1
stn35,2016-04-16 09:38:00,P,0,2016-04-16 09:38:00,P,0,0,0,8,9,30004,3,1|1
stn34,2016-04-16 09:46:00,P,0,2016-04-16 09:46:00,P,0,0,0,7,6,30004,3,1|1
stn33,2016-04-16 09:53:00,P,0,2016-04-16 09:53:00,P,0,0,0,21,20,30004,3,1|1
stn32,2016-04-16 10:14:00,P,0,2016-04-16 10:15:00,P,0,1,1,15,22,30004,3,1|1
stn31,2016-04-16 10:30:00,P,0,2016-04-16 10:31:00,P,0,1,1,16,14,30004,3,1|1
stn30,2016-04-16 10:47:00,P,0,2016-04-16 10:48:00,P,0,1,1,11,15,30004,3,1|1
stn29,2016-04-16 10:59:00,P,0,2016-04-16 10:59:00,P,0,0,0,9,12,30004,3,1|1
stn28,2016-04-16 11:08:00,P,0,2016-04-16 11:09:00,P,0,1,1,10,13,30004,3,1|1
stn27,2016-04-16 11:19:00,P,0,2016-04-16 11:19:00,P,0,0,0,9,13,30004,3,1|1
stn26,2016-04-16 11:28:00,P,0,2016-04-16 11:29:00,P,0,1,1,10,13,30004,3,1|1
stn25,2016-04-16 11:39:00,P,0,2016-04-16 11:40:00,P,0,1,1,17,22,30004,3,1|1
stn24,2016-04-16 11:57:00,P,0,2016-04-16 11:58:00,P,0,1,1,16,20,30004,3,1|1
stn23,2016-04-16 12:14:00,P,0,2016-04-16 12:14:00,P,0,0,0,16,20,30004,3,1|1
stn22,2016-04-16 12:30:00,P,0,2016-04-16 12:31:00,P,0,1,1,16,21,30004,3,1|1
stn21,2016-04-16 12:47:00,P,0,2016-04-16 12:48:00,P,0,1,1,8,21,30004,3,1|1
stn20,2016-04-16 12:56:00,P,0,2016-04-16 12:56:00,P,0,0,0,7,20,30004,3,1|1
stn19,2016-04-16 13:03:00,P,0,2016-04-16 13:04:00,P,0,1,1,43,21,30004,3,1|1
stn18,2016-04-16 13:47:00,P,0,2016-04-16 13:47:00,P,0,0,0,41,20,30004,3,1|1
stn17,2016-04-16 14:28:00,P,0,2016-04-16 14:33:00,P,0,5,5,7,9,30004,3,1|1
stn16,2016-04-16 14:40:00,P,0,2016-04-16 14:40:00,P,0,0,0,14,16,30004,3,1|1
stn15,2016-04-16 14:54:00,P,0,2016-04-16 14:54:00,P,0,0,0,15,17,30004,3,1|1
stn14,2016-04-16 15:09:00,P,0,2016-04-16 15:10:00,P,0,1,1,19,18,30004,3,1|1
stn13,2016-04-16 15:29:00,P,0,2016-04-16 15:29:00,P,0,0,0,4,13,30004,3,1|1
stn12,2016-04-16 15:33:00,P,0,2016-04-16 15:33:00,P,0,0,0,8,11,30004,3,1|1
stn11,2016-04-16 15:41:00,P,0,2016-04-16 15:41:00,P,0,0,0,9,12,30004,3,1|1
stn10,2016-04-16 15:50:00,P,0,2016-04-16 15:51:00,P,0,1,1,15,21,30004,3,1|1
stn09,2016-04-16 16:06:00,P,0,2016-04-16 16:06:00,P,0,0,0,13,17,30004,3,1|1
stn08,2016-04-16 16:19:00,P,0,2016-04-16 16:20:00,P,0,1,1,19,23,30004,3,1|1
stn07,2016-04-16 16:39:00,P,0,2016-04-16 16:39:00,P,0,0,0,10,10,30004,3,1|1
stn06,2016-04-16 16:49:00,P,0,2016-04-16 16:49:00,P,0,0,0,9,13,30004,3,1|1
stn05,2016-04-16 16:58:00,P,0,2016-04-16 16:58:00,P,0,0,0,16,20,30004,3,1|1
stn04,2016-04-16 17:14:00,P,0,2016-04-16 17:14:00,P,0,0,0,18,21,30004,3,1|1
stn03,2016-04-16 17:32:00,P,0,2016-04-16 17:33:00,P,0,1,1,22,22,30004,3,1|1
stn02,2016-04-16 17:55:00,P,0,2016-04-16 17:55:00,P,0,0,0,17,16,30004,3,1|1
stn01,2016-04-16 18:12:00,P,0,2016-04-16 18:12:00,P,0,0,0,0,0,30004,3,1|1
stn01,2016-04-16 01:52:00,P,0,2016-04-16 01:52:00,P,0,0,0,12,15,30005,3,1|1
stn02,2016-04-16 02:04:00,P,0,2016-04-16 02:04:00,P,0,0,0,16,21,30005,3,1|1
stn03,2016-04-16 02:20:00,P,0,2016-04-16 02:21:00,P,0,1,1,14,20,30005,3,1|1
stn04,2016-04-16 02:35:00,P,0,2016-04-16 02:35:00,P,0,0,0,14,19,30005,3,1|1
stn05,2016-04-16 02:49:00,P,0,2016-04-16 02:49:00,P,0,0,0,7,12,30005,3,1|1
stn06,2016-04-16 02:56:00,P,0,2016-04-16 02:56:00,P,0,0,0,9,9,30005,3,1|1
stn07,2016-04-16 03:05:00,P,0,2016-04-16 03:05:00,P,0,0,0,15,21,30005,3,1|1
stn08,2016-04-16 03:20:00,P,0,2016-04-16 03:21:00,P,0,1,1,11,16,30005,3,1|1
stn09,2016-04-16 03:32:00,P,0,2016-04-16 03:32:00,P,0,0,0,14,19,30005,3,1|1
stn10,2016-04-16 03:46:00,P,0,2016-04-16 03:47:00,P,0,1,1,10,11,30005,3,1|1
stn11,2016-04-16 03:57:00,P,0,2016-04-16 03:57:00,P,0,0,0,10,10,30005,3,1|1
stn12,2016-04-16 04:07:00,P,0,2016-04-16 04:07:00,P,0,0,0,4,12,30005,3,1|1
stn13,2016-04-16 04:11:00,P,0,2016-04-16 04:11:00,P,0,0,0,21,16,30005,3,1|1
stn14,2016-04-16 04:32:00,P,0,2016-04-16 04:33:00,P,0,1,1,14,16,30005,3,1|1
stn15,2016-04-16 04:47:00,P,0,2016-04-16 04:47:00,P,0,0,0,13,15,30005,3,1|1
stn16,2016-04-16 05:00:00,P,0,2016-04-16 05:00:00,P,0,0,0,7,8,30005,3,1|1
stn17,2016-04-16 05:07:00,P,0,2016-04-16 05:12:00,P,0,5,5,14,18,30005,3,1|1
stn18,2016-04-16 05:26:00,P,0,2016-04-16 05:26:00,P,0,0,0,15,19,30005,3,1|1
stn19,2016-04-16 05:41:00,P,0,2016-04-16 05:41:00,P,0,0,0,15,19,30005,3,1|1
stn20,2016-04-16 05:56:00,P,0,2016-04-16 05:57:00,P,0,1,1,16,20,30005,3,1|1
stn21,2016-04-16 06:13:00,P,0,2016-04-16 06:14:00,P,0,1,1,19,20,30005,3,1|1
stn22,2016-04-16 06:33:00,P,0,2016-04-16 06:34:00,P,0,1,1,13,19,30005,3,1|1
stn23,2016-04-16 06:47:00,P,0,2016-04-16 06:47:00,P,0,0,0,12,18,30005,3,1|1
stn24,2016-04-16 06:59:00,P,0,2016-04-16 07:00:00,P,0,1,1,19,21,30005,3,1|1
stn25,2016-04-16 07:19:00,P,0,2016-04-16 07:20:00,P,0,1,1,16,12,30005,3,1|1
stn26,2016-04-16 07:36:00,P,0,2016-04-16 07:37:00,P,0,1,1,13,12,30005,3,1|1
stn27,2016-04-16 07:50:00,P,0,2016-04-16 07:50:00,P,0,0,0,14,12,30005,3,1|1
stn28,2016-04-16 08:04:00,P,0,2016-04-16 08:05:00,P,0,1,1,12,11,30005,3,1|1
stn29,2016-04-16 08:17:00,P,0,2016-04-16 08:17:00,P,0,0,0,17,14,30005,3,1|1
stn30,2016-04-16 08:34:00,P,0,2016-04-16 08:35:00,P,0,1,1,13,13,30005,3,1|1
stn31,2016-04-16 08:48:00,P,0,2016-04-16 08:49:00,P,0,1,1,20,21,30005,3,1|1
stn32,2016-04-16 09:09:00,P,0,2016-04-16 09:10:00,P,0,1,1,45,19,30005,3,1|1
stn33,2016-04-16 09:55:00,P,0,2016-04-16 09:55:00,P,0,0,0,14,6,30005,3,1|1
stn34,2016-04-16 10:09:00,P,0,2016-04-16 10:09:00,P,0,0,0,18,9,30005,3,1|1
stn35,2016-04-16 10:27:00,P,0,2016-04-16 10:27:00,P,0,0,0,0,0,30005,3,1|1
stn35,2016-04-15 17:59:00,P,0,2016-04-15 17:59:00,P,0,0,0,7,9,30006,3,1|1
stn34,2016-04-15 18:06:00,P,0,2016-04-15 18:06:00,P,0,0,0,6,6,30006,3,1|1
stn33,2016-04-15 18:12:00,P,0,2016-04-15 18:12:00,P,0,0,0,18,19,30006,3,1|1
stn32,2016-04-15 18:30:00,P,0,2016-04-15 18:31:00,P,0,1,1,22,21,30006,3,1|1
stn31,2016-04-15 18:53:00,P,0,2016-04-15 18:54:00,P,0,1,1,15,13,30006,3,1|1
stn30,2016-04-15 19:09:00,P,0,2016-04-15 19:10:00,P,0,1,1,14,15,30006,3,1|1
stn29,2016-04-15 19:24:00,P,0,2016-04-15 19:24:00,P,0,0,0,11,12,30006,3,1|1
stn28,2016-04-15 19:35:00,P,0,2016-04-15 19:36:00,P,0,1,1,12,13,30006,3,1|1
stn27,2016-04-15 19:48:00,P,0,2016-04-15 19:48:00,P,0,0,0,11,12,30006,3,1|1
stn26,2016-04-15 19:59:00,P,0,2016-04-15 20:00:00,P,0,1,1,10,13,30006,3,1|1
stn25,2016-04-15 20:10:00,P,0,2016-04-15 20:11:00,P,0,1,1,25,22,30006,3,1|1
stn24,2016-04-15 20:36:00,P,0,2016-04-15 20:37:00,P,0,1,1,9,19,30006,3,1|1
stn23,2016-04-15 20:46:00,P,0,2016-04-15 20:46:00,P,0,0,0,10,19,30006,3,1|1
stn22,2016-04-15 20:56:00,P,0,2016-04-15 20:57:00,P,0,1,1,18,20,30006,3,1|1
stn21,2016-04-15 21:15:00,P,0,2016-04-15 21:16:00,P,0,1,1,19,20,30006,3,1|1
stn20,2016-04-15 21:35:00,P,0,2016-04-15 21:36:00,P,0,1,1,28,19,30006,3,1|1
stn19,2016-04-15 22:04:00,P,0,2016-04-15 22:04:00,P,0,0,0,28,20,30006,3,1|1
stn18,2016-04-15 22:32:00,P,0,2016-04-15 22:32:00,P,0,0,0,27,19,30006,3,1|1
stn17,2016-04-15 22:59:00,P,0,2016-04-15 23:04:00,P,0,5,5,6,8,30006,3,1|1
stn16,2016-04-15 23:10:00,P,0,2016-04-15 23:10:00,P,0,0,0,13,15,30006,3,1|1
stn15,2016-04-15 23:23:00,P,0,2016-04-15 23:23:00,P,0,0,0,13,17,30006,3,1|1
stn14,2016-04-15 23:36:00,P,0,2016-04-15 23:37:00,P,0,1,1,15,17,30006,3,1|1
stn13,2016-04-15 23:52:00,P,0,2016-04-15 23:52:00,P,0,0,0,3,12,30006,3,1|1
stn12,2016-04-15 23:55:00,P,0,2016-04-15 23:55:00,P,0,0,0,7,10,30006,3,1|1
stn11,2016-04-16 00:02:00,P,0,2016-04-16 00:02:00,P,0,0,0,7,12,30006,3,1|1
stn10,2016-04-16 00:09:00,P,0,2016-04-16 00:10:00,P,0,1,1,16,20,30006,3,1|1
stn09,2016-04-16 00:26:00,P,0,2016-04-16 00:26:00,P,0,0,0,13,16,30006,3,1|1
stn08,2016-04-16 00:39:00,P,0,2016-04-16 00:40:00,P,0,1,1,16,22,30006,3,1|1
stn07,2016-04-16 00:56:00,P,0,2016-04-16 00:56:00,P,0,0,0,9,9,30006,3,1|1
stn06,2016-04-16 01:05:00,P,0,2016-04-16 01:05:00,P,0,0,0,7,12,30006,3,1|1
stn05,2016-04-16 01:12:00,P,0,2016-04-16 01:12:00,P,0,0,0,15,19,30006,3,1|1
stn04,2016-04-16 01:27:00,P,0,2016-04-16 01:27:00,P,0,0,0,15,20,30006,3,1|1
stn03,2016-04-16 01:42:00,P,0,2016-04-16 01:43:00,P,0,1,1,23,21,30006,3,1|1
stn02,2016-04-16 02:06:00,P,0,2016-04-16 02:06:00,P,0,0,0,17,16,30006,3,1|1
stn01,2016-04-16 02:23:00,P,0,2016-04-16 02:23:00,P,0,0,0,0,0,30006,3,1|1
stn35,2016-04-16 17:41:00,P,0,2016-04-16 17:41:00,P,0,0,0,7,9,30007,3,1|1
stn34,2016-04-16 17:48:00,P,0,2016-04-16 17:48:00,P,0,0,0,6,6,30007,3,1|1
stn33,2016-04-16 17:54:00,P,0,2016-04-16 17:54:00,P,0,0,0,18,19,30007,3,1|1
stn32,2016-04-16 18:12:00,P,0,2016-04-16 18:13:00,P,0,1,1,22,21,30007,3,1|1
stn31,2016-04-16 18:35:00,P,0,2016-04-16 18:36:00,P,0,1,1,15,13,30007,3,1|1
stn30,2016-04-16 18:51:00,P,0,2016-04-16 18:52:00,P,0,1,1,14,15,30007,3,1|1
stn29,2016-04-16 19:06:00,P,0,2016-04-16 19:06:00,P,0,0,0,11,12,30007,3,1|1
stn28,2016-04-16 19:17:00,P,0,2016-04-16 19:18:00,P,0,1,1,12,13,30007,3,1|1
stn27,2016-04-16 19:30:00,P,0,2016-04-16 19:30:00,P,0,0,0,11,12,30007,3,1|1
stn26,2016-04-16 19:41:00,P,0,2016-04-16 19:42:00,P,0,1,1,10,13,30007,3,1|1
stn25,2016-04-16 19:52:00,P,0,2016-04-16 19:53:00,P,0,1,1,25,22,30007,3,1|1
stn24,2016-04-16 20:18:00,P,0,2016-04-16 20:19:00,P,0,1,1,9,19,30007,3,1|1
stn23,2016-04-16 20:28:00,P,0,2016-04-16 20:28:00,P,0,0,0,10,19,30007,3,1|1
stn22,2016-04-16 20:38:00,P,0,2016-04-16 20:39:00,P,0,1,1,18,20,30007,3,1|1
stn21,2016-04-16 20:57:00,P,0,2016-04-16 20:58:00,P,0,1,1,19,20,30007,3,1|1
stn20,2016-04-16 21:17:00,P,0,2016-04-16 21:18:00,P,0,1,1,28,19,30007,3,1|1
stn19,2016-04-16 21:46:00,P,0,2016-04-16 21:46:00,P,0,0,0,28,20,30007,3,1|1
stn18,2016-04-16 22:14:00,P,0,2016-04-16 22:14:00,P,0,0,0,27,19,30007,3,1|1
stn17,2016-04-16 22:41:00,P,0,2016-04-16 22:46:00,P,0,5,5,6,8,30007,3,1|1
stn16,2016-04-16 22:52:00,P,0,2016-04-16 22:52:00,P,0,0,0,13,15,30007,3,1|1
stn15,2016-04-16 23:05:00,P,0,2016-04-16 23:05:00,P,0,0,0,13,17,30007,3,1|1
stn14,2016-04-16 23:18:00,P,0,2016-04-16 23:19:00,P,0,1,1,15,17,30007,3,1|1
stn13,2016-04-16 23:34:00,P,0,2016-04-16 23:34:00,P,0,0,0,3,12,30007,3,1|1
stn12,2016-04-16 23:37:00,P,0,2016-04-16 23:37:00,P,0,0,0,7,10,30007,3,1|1
stn11,2016-04-16 23:44:00,P,0,2016-04-16 23:44:00,P,0,0,0,7,12,30007,3,1|1
stn10,2016-04-16 23:51:00,P,0,2016-04-16 23:52:00,P,0,1,1,16,20,30007,3,1|1
stn09,2016-04-17 00:08:00,P,0,2016-04-17 00:08:00,P,0,0,0,13,16,30007,3,1|1
stn08,2016-04-17 00:21:00,P,0,2016-04-17 00:22:00,P,0,1,1,16,22,30007,3,1|1
stn07,2016-04-17 00:38:00,P,0,2016-04-17 00:38:00,P,0,0,0,9,9,30007,3,1|1
stn06,2016-04-17 00:47:00,P,0,2016-04-17 00:47:00,P,0,0,0,7,12,30007,3,1|1
stn05,2016-04-17 00:54:00,P,0,2016-04-17 00:54:00,P,0,0,0,15,19,30007,3,1|1
stn04,2016-04-17 01:09:00,P,0,2016-04-17 01:09:00,P,0,0,0,15,20,30007,3,1|1
stn03,2016-04-17 01:24:00,P,0,2016-04-17 01:25:00,P,0,1,1,23,21,30007,3,1|1
stn02,2016-04-17 01:48:00,P,0,2016-04-17 01:48:00,P,0,0,0,17,16,30007,3,1|1
stn01,2016-04-17 02:05:00,P,0,2016-04-17 02:05:00,P,0,0,0,0,0,30007,3,1|1
stn01,2016-04-16 03:17:00,P,0,2016-04-16 03:22:00,P,0,5,5,11,18,30008,3,1|1
stn02,2016-04-16 03:33:00,P,0,2016-04-16 03:33:00,P,0,0,0,15,24,30008,3,1|1
stn03,2016-04-16 03:48:00,P,0,2016-04-16 03:50:00,P,0,2,2,14,23,30008,3,1|1
stn04,2016-04-16 04:04:00,P,0,2016-04-16 04:06:00,P,0,2,2,15,22,30008,3,1|1
stn05,2016-04-16 04:21:00,P,0,2016-04-16 04:21:00,P,0,0,0,8,14,30008,3,1|1
stn06,2016-04-16 04:29:00,P,0,2016-04-16 04:29:00,P,0,0,0,10,10,30008,3,1|1
stn07,2016-04-16 04:39:00,P,0,2016-04-16 04:39:00,P,0,0,0,17,24,30008,3,1|1
stn08,2016-04-16 04:56:00,P,0,2016-04-16 04:58:00,P,0,2,2,15,18,30008,3,1|1
stn09,2016-04-16 05:13:00,P,0,2016-04-16 05:13:00,P,0,0,0,19,22,30008,3,1|1
stn10,2016-04-16 05:32:00,P,0,2016-04-16 05:34:00,P,0,2,2,14,13,30008,3,1|1
stn11,2016-04-16 05:48:00,P,0,2016-04-16 05:48:00,P,0,0,0,12,12,30008,3,1|1
stn12,2016-04-16 06:00:00,P,0,2016-04-16 06:02:00,P,0,2,2,18,14,30008,3,1|1
stn13,2016-04-16 06:20:00,P,0,2016-04-16 06:22:00,P,0,2,2,12,19,30008,3,1|1
stn14,2016-04-16 06:34:00,P,0,2016-04-16 06:36:00,P,0,2,2,25,19,30008,3,1|1
stn15,2016-04-16 07:01:00,P,0,2016-04-16 07:01:00,P,0,0,0,24,17,30008,3,1|1
stn16,2016-04-16 07:25:00,P,0,2016-04-16 07:25:00,P,0,0,0,12,9,30008,3,1|1
stn17,2016-04-16 07:37:00,P,0,2016-04-16 07:42:00,P,0,5,5,14,21,30008,3,1|1
stn18,2016-04-16 07:56:00,P,0,2016-04-16 07:56:00,P,0,0,0,14,22,30008,3,1|1
stn19,2016-04-16 08:10:00,P,0,2016-04-16 08:12:00,P,0,2,2,15,21,30008,3,1|1
stn20,2016-04-16 08:27:00,P,0,2016-04-16 08:29:00,P,0,2,2,13,23,30008,3,1|1
stn21,2016-04-16 08:42:00,P,0,2016-04-16 08:44:00,P,0,2,2,26,22,30008,3,1|1
stn22,2016-04-16 09:10:00,P,0,2016-04-16 09:12:00,P,0,2,2,13,21,30008,3,1|1
stn23,2016-04-16 09:25:00,P,0,2016-04-16 09:27:00,P,0,2,2,13,21,30008,3,1|1
stn24,2016-04-16 09:40:00,P,0,2016-04-16 09:42:00,P,0,2,2,18,24,30008,3,1|1
stn25,2016-04-16 10:00:00,P,0,2016-04-16 10:02:00,P,0,2,2,10,14,30008,3,1|1
stn26,2016-04-16 10:12:00,P,0,2016-04-16 10:14:00,P,0,2,2,36,14,30008,3,1|1
stn27,2016-04-16 10:50:00,P,0,2016-04-16 10:50:00,P,0,0,0,37,14,30008,3,1|1
stn28,2016-04-16 11:27:00,P,0,2016-04-16 11:27:00,P,0,0,0,0,0,30008,3,1|1
stn28,2016-04-15 18:41:00,P,0,2016-04-15 18:41:00,P,0,0,0,9,16,30009,3,1|1
stn27,2016-04-15 18:50:00,P,0,2016-04-15 18:50:00,P,0,0,0,9,15,30009,3,1|1
stn26,2016-04-15 18:59:00,P,0,2016-04-15 19:01:00,P,0,2,2,10,16,30009,3,1|1
stn25,2016-04-15 19:11:00,P,0,2016-04-15 19:13:00,P,0,2,2,14,27,30009,3,1|1
stn24,2016-04-15 19:27:00,P,0,2016-04-15 19:29:00,P,0,2,2,22,23,30009,3,1|1
stn23,2016-04-15 19:51:00,P,0,2016-04-15 19:53:00,P,0,2,2,12,24,30009,3,1|1
stn22,2016-04-15 20:05:00,P,0,2016-04-15 20:07:00,P,0,2,2,16,25,30009,3,1|1
stn21,2016-04-15 20:23:00,P,0,2016-04-15 20:25:00,P,0,2,2,24,25,30009,3,1|1
stn20,2016-04-15 20:49:00,P,0,2016-04-15 20:51:00,P,0,2,2,20,24,30009,3,1|1
stn19,2016-04-15 21:11:00,P,0,2016-04-15 21:13:00,P,0,2,2,25,25,30009,3,1|1
stn18,2016-04-15 21:38:00,P,0,2016-04-15 21:38:00,P,0,0,0,23,23,30009,3,1|1
stn17,2016-04-15 22:01:00,P,0,2016-04-15 22:06:00,P,0,5,5,7,10,30009,3,1|1
stn16,2016-04-15 22:13:00,P,0,2016-04-15 22:13:00,P,0,0,0,15,19,30009,3,1|1
stn15,2016-04-15 22:28:00,P,0,2016-04-15 22:28:00,P,0,0,0,15,21,30009,3,1|1
stn14,2016-04-15 22:43:00,P,0,2016-04-15 22:45:00,P,0,2,2,16,21,30009,3,1|1
stn13,2016-04-15 23:01:00,P,0,2016-04-15 23:03:00,P,0,2,2,14,15,30009,3,1|1
stn12,2016-04-15 23:17:00,P,0,2016-04-15 23:19:00,P,0,2,2,20,13,30009,3,1|1
stn11,2016-04-15 23:39:00,P,0,2016-04-15 23:39:00,P,0,0,0,22,15,30009,3,1|1
stn10,2016-04-16 00:01:00,P,0,2016-04-16 00:03:00,P,0,2,2,16,24,30009,3,1|1
stn09,2016-04-16 00:19:00,P,0,2016-04-16 00:19:00,P,0,0,0,14,20,30009,3,1|1
stn08,2016-04-16 00:33:00,P,0,2016-04-16 00:35:00,P,0,2,2,26,27,30009,3,1|1
stn07,2016-04-16 01:01:00,P,0,2016-04-16 01:01:00,P,0,0,0,15,11,30009,3,1|1
stn06,2016-04-16 01:16:00,P,0,2016-04-16 01:16:00,P,0,0,0,12,15,30009,3,1|1
stn05,2016-04-16 01:28:00,P,0,2016-04-16 01:28:00,P,0,0,0,23,24,30009,3,1|1
stn04,2016-04-16 01:51:00,P,0,2016-04-16 01:53:00,P,0,2,2,20,25,30009,3,1|1
stn03,2016-04-16 02:13:00,P,0,2016-04-16 02:15:00,P,0,2,2,52,26,30009,3,1|1
stn02,2016-04-16 03:07:00,P,0,2016-04-16 03:07:00,P,0,0,0,39,19,30009,3,1|1
stn01,2016-04-16 03:46:00,P,0,2016-04-16 03:51:00,P,0,5,5,0,0,30009,3,1|1
stn28,2016-04-16 18:01:00,P,0,2016-04-16 18:01:00,P,0,0,0,9,16,30010,3,1|1
stn27,2016-04-16 18:10:00,P,0,2016-04-16 18:10:00,P,0,0,0,9,15,30010,3,1|1
stn26,2016-04-16 18:19:00,P,0,2016-04-16 18:21:00,P,0,2,2,10,16,30010,3,1|1
stn25,2016-04-16 18:31:00,P,0,2016-04-16 18:33:00,P,0,2,2,14,27,30010,3,1|1
stn24,2016-04-16 18:47:00,P,0,2016-04-16 18:49:00,P,0,2,2,22,23,30010,3,1|1
stn23,2016-04-16 19:11:00,P,0,2016-04-16 19:13:00,P,0,2,2,12,24,30010,3,1|1
stn22,2016-04-16 19:25:00,P,0,2016-04-16 19:27:00,P,0,2,2,16,25,30010,3,1|1
stn21,2016-04-16 19:43:00,P,0,2016-04-16 19:45:00,P,0,2,2,24,25,30010,3,1|1
stn20,2016-04-16 20:09:00,P,0,2016-04-16 20:11:00,P,0,2,2,20,24,30010,3,1|1
stn19,2016-04-16 20:31:00,P,0,2016-04-16 20:33:00,P,0,2,2,25,25,30010,3,1|1
stn18,2016-04-16 20:58:00,P,0,2016-04-16 20:58:00,P,0,0,0,23,23,30010,3,1|1
stn17,2016-04-16 21:21:00,P,0,2016-04-16 21:26:00,P,0,5,5,7,10,30010,3,1|1
stn16,2016-04-16 21:33:00,P,0,2016-04-16 21:33:00,P,0,0,0,15,19,30010,3,1|1
stn15,2016-04-16 21:48:00,P,0,2016-04-16 21:48:00,P,0,0,0,15,21,30010,3,1|1
stn14,2016-04-16 22:03:00,P,0,2016-04-16 22:05:00,P,0,2,2,16,21,30010,3,1|1
stn13,2016-04-16 22:21:00,P,0,2016-04-16 22:23:00,P,0,2,2,14,15,30010,3,1|1
stn12,2016-04-16 22:37:00,P,0,2016-04-16 22:39:00,P,0,2,2,20,13,30010,3,1|1
stn11,2016-04-16 22:59:00,P,0,2016-04-16 22:59:00,P,0,0,0,22,15,30010,3,1|1
stn10,2016-04-16 23:21:00,P,0,2016-04-16 23:23:00,P,0,2,2,16,24,30010,3,1|1
stn09,2016-04-16 23:39:00,P,0,2016-04-16 23:39:00,P,0,0,0,14,20,30010,3,1|1
stn08,2016-04-16 23:53:00,P,0,2016-04-16 23:55:00,P,0,2,2,26,27,30010,3,1|1
stn07,2016-04-17 00:21:00,P,0,2016-04-17 00:21:00,P,0,0,0,15,11,30010,3,1|1
stn06,2016-04-17 00:36:00,P,0,2016-04-17 00:36:00,P,0,0,0,12,15,30010,3,1|1
stn05,2016-04-17 00:48:00,P,0,2016-04-17 00:48:00,P,0,0,0,23,24,30010,3,1|1
stn04,2016-04-17 01:11:00,P,0,2016-04-17 01:13:00,P,0,2,2,20,25,30010,3,1|1
stn03,2016-04-17 01:33:00,P,0,2016-04-17 01:35:00,P,0,2,2,52,26,30010,3,1|1
stn02,2016-04-17 02:27:00,P,0,2016-04-17 02:27:00,P,0,0,0,39,19,30010,3,1|1
stn01,2016-04-17 03:06:00,P,0,2016-04-17 03:11:00,P,0,5,5,0,0,30010,3,1|1
stn01,2016-04-15 23:25:00,P,0,2016-04-15 23:25:00,P,0,0,0,14,15,30011,3,1|1
stn02,2016-04-15 23:39:00,P,0,2016-04-15 23:39:00,P,0,0,0,18,20,30011,3,1|1
stn03,2016-04-15 23:57:00,P,0,2016-04-15 23:57:00,P,0,0,0,17,19,30011,3,1|1
stn04,2016-04-16 00:14:00,P,0,2016-04-16 00:14:00,P,0,0,0,16,19,30011,3,1|1
stn05,2016-04-16 00:30:00,P,0,2016-04-16 00:30:00,P,0,0,0,9,12,30011,3,1|1
stn06,2016-04-16 00:39:00,P,0,2016-04-16 00:39:00,P,0,0,0,10,9,30011,3,1|1
stn07,2016-04-16 00:49:00,P,0,2016-04-16 00:49:00,P,0,0,0,18,21,30011,3,1|1
stn08,2016-04-16 01:07:00,P,0,2016-04-16 01:07:00,P,0,0,0,14,16,30011,3,1|1
stn09,2016-04-16 01:21:00,P,0,2016-04-16 01:21:00,P,0,0,0,17,19,30011,3,1|1
stn10,2016-04-16 01:38:00,P,0,2016-04-16 01:40:00,P,0,2,2,9,11,30011,3,1|1
stn11,2016-04-16 01:49:00,P,0,2016-04-16 01:49:00,P,0,0,0,9,10,30011,3,1|1
stn12,2016-04-16 01:58:00,P,0,2016-04-16 01:58:00,P,0,0,0,3,12,30011,3,1|1
stn13,2016-04-16 02:01:00,P,0,2016-04-16 02:01:00,P,0,0,0,20,16,30011,3,1|1
stn14,2016-04-16 02:21:00,P,0,2016-04-16 02:21:00,P,0,0,0,13,16,30011,3,1|1
stn15,2016-04-16 02:34:00,P,0,2016-04-16 02:34:00,P,0,0,0,12,15,30011,3,1|1
stn16,2016-04-16 02:46:00,P,0,2016-04-16 02:46:00,P,0,0,0,6,8,30011,3,1|1
stn17,2016-04-16 02:52:00,P,0,2016-04-16 02:57:00,P,0,5,5,14,18,30011,3,1|1
stn18,2016-04-16 03:11:00,P,0,2016-04-16 03:11:00,P,0,0,0,14,19,30011,3,1|1
stn19,2016-04-16 03:25:00,P,0,2016-04-16 03:25:00,P,0,0,0,15,18,30011,3,1|1
stn20,2016-04-16 03:40:00,P,0,2016-04-16 03:40:00,P,0,0,0,15,19,30011,3,1|1
stn21,2016-04-16 03:55:00,P,0,2016-04-16 03:55:00,P,0,0,0,15,19,30011,3,1|1
stn22,2016-04-16 04:10:00,P,0,2016-04-16 04:10:00,P,0,0,0,14,18,30011,3,1|1
stn23,2016-04-16 04:24:00,P,0,2016-04-16 04:24:00,P,0,0,0,14,18,30011,3,1|1
stn24,2016-04-16 04:38:00,P,0,2016-04-16 04:38:00,P,0,0,0,16,21,30011,3,1|1
stn25,2016-04-16 04:54:00,P,0,2016-04-16 04:54:00,P,0,0,0,9,12,30011,3,1|1
stn26,2016-04-16 05:03:00,P,0,2016-04-16 05:03:00,P,0,0,0,9,12,30011,3,1|1
stn27,2016-04-16 05:12:00,P,0,2016-04-16 05:12:00,P,0,0,0,10,12,30011,3,1|1
stn28,2016-04-16 05:22:00,P,0,2016-04-16 05:24:00,P,0,2,2,14,11,30011,3,1|1
stn29,2016-04-16 05:38:00,P,0,2016-04-16 05:38:00,P,0,0,0,18,14,30011,3,1|1
stn30,2016-04-16 05:56:00,P,0,2016-04-16 05:56:00,P,0,0,0,19,13,30011,3,1|1
stn31,2016-04-16 06:15:00,P,0,2016-04-16 06:15:00,P,0,0,0,30,20,30011,3,1|1
stn32,2016-04-16 06:45:00,P,0,2016-04-16 06:45:00,P,0,0,0,28,19,30011,3,1|1
stn33,2016-04-16 07:13:00,P,0,2016-04-16 07:13:00,P,0,0,0,8,6,30011,3,1|1
stn34,2016-04-16 07:21:00,P,0,2016-04-16 07:21:00,P,0,0,0,11,9,30011,3,1|1
stn35,2016-04-16 07:32:00,P,0,2016-04-16 07:42:00,P,0,10,10,16,19,30011,3,1|1
stn36,2016-04-16 07:58:00,P,0,2016-04-16 07:58:00,P,0,0,0,16,19,30011,3,1|1
stn37,2016-04-16 08:14:00,P,0,2016-04-16 08:16:00,P,0,2,2,13,11,30011,3,1|1
stn38,2016-04-16 08:29:00,P,0,2016-04-16 08:29:00,P,0,0,0,13,9,30011,3,1|1
stn39,2016-04-16 08:42:00,P,0,2016-04-16 08:42:00,P,0,0,0,10,9,30011,3,1|1
stn40,2016-04-16 08:52:00,P,0,2016-04-16 08:54:00,P,0,2,2,11,16,30011,3,1|1
stn41,2016-04-16 09:05:00,P,0,2016-04-16 09:05:00,P,0,0,0,12,17,30011,3,1|1
stn42,2016-04-16 09:17:00,P,0,2016-04-16 09:17:00,P,0,0,0,7,9,30011,3,1|1
stn43,2016-04-16 09:24:00,P,0,2016-04-16 09:24:00,P,0,0,0,16,22,30011,3,1|1
stn44,2016-04-16 09:40:00,P,0,2016-04-16 09:42:00,P,0,2,2,13,16,30011,3,1|1
stn45,2016-04-16 09:55:00,P,0,2016-04-16 09:55:00,P,0,0,0,17,21,30011,3,1|1
stn46,2016-04-16 10:12:00,P,0,2016-04-16 10:12:00,P,0,0,0,8,10,30011,3,1|1
stn47,2016-04-16 10:20:00,P,0,2016-04-16 10:22:00,P,0,2,2,18,17,30011,3,1|1
stn48,2016-04-16 10:40:00,P,0,2016-04-16 10:40:00,P,0,0,0,8,9,30011,3,1|1
stn49,2016-04-16 10:48:00,P,0,2016-04-16 10:48:00,P,0,0,0,17,16,30011,3,1|1
stn50,2016-04-16 11:05:00,P,0,2016-04-16 11:05:00,P,0,0,0,10,16,30011,3,1|1
stn51,2016-04-16 11:15:00,P,0,2016-04-16 11:15:00,P,0,0,0,11,16,30011,3,1|1
stn52,2016-04-16 11:26:00,P,0,2016-04-16 11:28:00,P,0,2,2,14,18,30011,3,1|1
stn53,2016-04-16 11:42:00,P,0,2016-04-16 11:42:00,P,0,0,0,14,19,30011,3,1|1
stn54,2016-04-16 11:56:00,P,0,2016-04-16 11:58:00,P,0,2,2,17,19,30011,3,1|1
stn55,2016-04-16 12:15:00,P,0,2016-04-16 12:15:00,P,0,0,0,10,10,30011,3,1|1
stn56,2016-04-16 12:25:00,P,0,2016-04-16 12:25:00,P,0,0,0,7,8,30011,3,1|1
stn57,2016-04-16 12:32:00,P,0,2016-04-16 12:32:00,P,0,0,0,10,10,30011,3,1|1
stn58,2016-04-16 12:42:00,P,0,2016-04-16 12:44:00,P,0,2,2,12,5,30011,3,1|1
stn59,2016-04-16 12:56:00,P,0,2016-04-16 12:56:00,P,0,0,0,0,0,30011,3,1|1
stn01,2016-04-16 23:25:00,P,0,2016-04-16 23:25:00,P,0,0,0,15,15,30012,3,1|1
stn02,2016-04-16 23:40:00,P,0,2016-04-16 23:40:00,P,0,0,0,21,20,30012,3,1|1
stn03,2016-04-17 00:01:00,P,0,2016-04-17 00:03:00,P,0,2,2,15,19,30012,3,1|1
stn04,2016-04-17 00:18:00,P,0,2016-04-17 00:18:00,P,0,0,0,14,19,30012,3,1|1
stn05,2016-04-17 00:32:00,P,0,2016-04-17 00:32:00,P,0,0,0,7,12,30012,3,1|1
stn06,2016-04-17 00:39:00,P,0,2016-04-17 00:39:00,P,0,0,0,9,9,30012,3,1|1
stn07,2016-04-17 00:48:00,P,0,2016-04-17 00:48:00,P,0,0,0,16,21,30012,3,1|1
stn08,2016-04-17 01:04:00,P,0,2016-04-17 01:04:00,P,0,0,0,12,16,30012,3,1|1
stn09,2016-04-17 01:16:00,P,0,2016-04-17 01:16:00,P,0,0,0,15,19,30012,3,1|1
stn10,2016-04-17 01:31:00,P,0,2016-04-17 01:31:00,P,0,0,0,9,11,30012,3,1|1
stn11,2016-04-17 01:40:00,P,0,2016-04-17 01:40:00,P,0,0,0,8,10,30012,3,1|1
stn12,2016-04-17 01:48:00,P,0,2016-04-17 01:48:00,P,0,0,0,3,12,30012,3,1|1
stn13,2016-04-17 01:51:00,P,0,2016-04-17 01:51:00,P,0,0,0,18,16,30012,3,1|1
stn14,2016-04-17 02:09:00,P,0,2016-04-17 02:09:00,P,0,0,0,13,16,30012,3,1|1
stn15,2016-04-17 02:22:00,P,0,2016-04-17 02:22:00,P,0,0,0,11,15,30012,3,1|1
stn16,2016-04-17 02:33:00,P,0,2016-04-17 02:33:00,P,0,0,0,6,8,30012,3,1|1
stn17,2016-04-17 02:39:00,P,0,2016-04-17 02:44:00,P,0,5,5,12,18,30012,3,1|1
stn18,2016-04-17 02:56:00,P,0,2016-04-17 02:56:00,P,0,0,0,13,19,30012,3,1|1
stn19,2016-04-17 03:09:00,P,0,2016-04-17 03:09:00,P,0,0,0,13,18,30012,3,1|1
stn20,2016-04-17 03:22:00,P,0,2016-04-17 03:22:00,P,0,0,0,13,19,30012,3,1|1
stn21,2016-04-17 03:35:00,P,0,2016-04-17 03:35:00,P,0,0,0,13,19,30012,3,1|1
stn22,2016-04-17 03:48:00,P,0,2016-04-17 03:48:00,P,0,0,0,13,18,30012,3,1|1
stn23,2016-04-17 04:01:00,P,0,2016-04-17 04:01:00,P,0,0,0,12,18,30012,3,1|1
stn24,2016-04-17 04:13:00,P,0,2016-04-17 04:15:00,P,0,2,2,20,21,30012,3,1|1
stn25,2016-04-17 04:35:00,P,0,2016-04-17 04:35:00,P,0,0,0,12,12,30012,3,1|1
stn26,2016-04-17 04:47:00,P,0,2016-04-17 04:47:00,P,0,0,0,12,12,30012,3,1|1
stn27,2016-04-17 04:59:00,P,0,2016-04-17 04:59:00,P,0,0,0,12,12,30012,3,1|1
stn28,2016-04-17 05:11:00,P,0,2016-04-17 05:11:00,P,0,0,0,9,11,30012,3,1|1
stn29,2016-04-17 05:20:00,P,0,2016-04-17 05:20:00,P,0,0,0,12,14,30012,3,1|1
stn30,2016-04-17 05:32:00,P,0,2016-04-17 05:32:00,P,0,0,0,13,13,30012,3,1|1
stn31,2016-04-17 05:45:00,P,0,2016-04-17 05:47:00,P,0,2,2,36,20,30012,3,1|1
stn32,2016-04-17 06:23:00,P,0,2016-04-17 06:23:00,P,0,0,0,33,19,30012,3,1|1
stn33,2016-04-17 06:56:00,P,0,2016-04-17 06:56:00,P,0,0,0,10,6,30012,3,1|1
stn34,2016-04-17 07:06:00,P,0,2016-04-17 07:06:00,P,0,0,0,13,9,30012,3,1|1
stn35,2016-04-17 07:19:00,P,0,2016-04-17 07:29:00,P,0,10,10,20,19,30012,3,1|1
stn36,2016-04-17 07:49:00,P,0,2016-04-17 07:49:00,P,0,0,0,19,19,30012,3,1|1
stn37,2016-04-17 08:08:00,P,0,2016-04-17 08:08:00,P,0,0,0,11,11,30012,3,1|1
stn38,2016-04-17 08:19:00,P,0,2016-04-17 08:19:00,P,0,0,0,11,9,30012,3,1|1
stn39,2016-04-17 08:30:00,P,0,2016-04-17 08:30:00,P,0,0,0,9,9,30012,3,1|1
stn40,2016-04-17 08:39:00,P,0,2016-04-17 08:41:00,P,0,2,2,12,16,30012,3,1|1
stn41,2016-04-17 08:53:00,P,0,2016-04-17 08:53:00,P,0,0,0,13,17,30012,3,1|1
stn42,2016-04-17 09:06:00,P,0,2016-04-17 09:06:00,P,0,0,0,7,9,30012,3,1|1
stn43,2016-04-17 09:13:00,P,0,2016-04-17 09:13:00,P,0,0,0,17,22,30012,3,1|1
stn44,2016-04-17 09:30:00,P,0,2016-04-17 09:30:00,P,0,0,0,12,16,30012,3,1|1
stn45,2016-04-17 09:42:00,P,0,2016-04-17 09:44:00,P,0,2,2,17,21,30012,3,1|1
stn46,2016-04-17 10:01:00,P,0,2016-04-17 10:01:00,P,0,0,0,8,10,30012,3,1|1
stn47,2016-04-17 10:09:00,P,0,2016-04-17 10:09:00,P,0,0,0,14,17,30012,3,1|1
stn48,2016-04-17 10:23:00,P,0,2016-04-17 10:25:00,P,0,2,2,10,9,30012,3,1|1
stn49,2016-04-17 10:35:00,P,0,2016-04-17 10:35:00,P,0,0,0,17,16,30012,3,1|1
stn50,2016-04-17 10:52:00,P,0,2016-04-17 10:52:00,P,0,0,0,10,16,30012,3,1|1
stn51,2016-04-17 11:02:00,P,0,2016-04-17 11:02:00,P,0,0,0,11,16,30012,3,1|1
stn52,2016-04-17 11:13:00,P,0,2016-04-17 11:15:00,P,0,2,2,14,18,30012,3,1|1
stn53,2016-04-17 11:29:00,P,0,2016-04-17 11:29:00,P,0,0,0,14,19,30012,3,1|1
stn54,2016-04-17 11:43:00,P,0,2016-04-17 11:45:00,P,0,2,2,17,19,30012,3,1|1
stn55,2016-04-17 12:02:00,P,0,2016-04-17 12:02:00,P,0,0,0,10,10,30012,3,1|1
stn56,2016-04-17 12:12:00,P,0,2016-04-17 12:12:00,P,0,0,0,7,8,30012,3,1|1
stn57,2016-04-17 12:19:00,P,0,2016-04-17 12:19:00,P,0,0,0,10,10,30012,3,1|1
stn58,2016-04-17 12:29:00,P,0,2016-04-17 12:31:00,P,0,2,2,12,5,30012,3,1|1
stn59,2016-04-17 12:43:00,P,0,2016-04-17 12:43:00,P,0,0,0,0,0,30012,3,1|1
stn59,2016-04-16 05:50:00,P,0,2016-04-16 05:50:00,P,0,0,0,7,5,30013,3,1|1
stn58,2016-04-16 05:57:00,P,0,2016-04-16 05:59:00,P,0,2,2,9,11,30013,3,1|1
stn57,2016-04-16 06:08:00,P,0,2016-04-16 06:08:00,P,0,0,0,8,9,30013,3,1|1
stn56,2016-04-16 06:16:00,P,0,2016-04-16 06:16:00,P,0,0,0,9,11,30013,3,1|1
stn55,2016-04-16 06:25:00,P,0,2016-04-16 06:25:00,P,0,0,0,17,20,30013,3,1|1
stn54,2016-04-16 06:42:00,P,0,2016-04-16 06:44:00,P,0,2,2,13,19,30013,3,1|1
stn53,2016-04-16 06:57:00,P,0,2016-04-16 06:57:00,P,0,0,0,13,19,30013,3,1|1
stn52,2016-04-16 07:10:00,P,0,2016-04-16 07:12:00,P,0,2,2,11,16,30013,3,1|1
stn51,2016-04-16 07:23:00,P,0,2016-04-16 07:23:00,P,0,0,0,10,16,30013,3,1|1
stn50,2016-04-16 07:33:00,P,0,2016-04-16 07:33:00,P,0,0,0,15,16,30013,3,1|1
stn49,2016-04-16 07:48:00,P,0,2016-04-16 07:48:00,P,0,0,0,7,9,30013,3,1|1
stn48,2016-04-16 07:55:00,P,0,2016-04-16 07:57:00,P,0,2,2,14,18,30013,3,1|1
stn47,2016-04-16 08:11:00,P,0,2016-04-16 08:11:00,P,0,0,0,8,10,30013,3,1|1
stn46,2016-04-16 08:19:00,P,0,2016-04-16 08:19:00,P,0,0,0,17,21,30013,3,1|1
stn45,2016-04-16 08:36:00,P,0,2016-04-16 08:38:00,P,0,2,2,14,16,30013,3,1|1
stn44,2016-04-16 08:52:00,P,0,2016-04-16 08:52:00,P,0,0,0,20,23,30013,3,1|1
stn43,2016-04-16 09:12:00,P,0,2016-04-16 09:12:00,P,0,0,0,9,9,30013,3,1|1
stn42,2016-04-16 09:21:00,P,0,2016-04-16 09:21:00,P,0,0,0,15,17,30013,3,1|1
stn41,2016-04-16 09:36:00,P,0,2016-04-16 09:36:00,P,0,0,0,14,16,30013,3,1|1
stn40,2016-04-16 09:50:00,P,0,2016-04-16 09:52:00,P,0,2,2,14,9,30013,3,1|1
stn39,2016-04-16 10:06:00,P,0,2016-04-16 10:06:00,P,0,0,0,17,9,30013,3,1|1
stn38,2016-04-16 10:23:00,P,0,2016-04-16 10:23:00,P,0,0,0,18,12,30013,3,1|1
stn37,2016-04-16 10:41:00,P,0,2016-04-16 10:41:00,P,0,0,0,29,20,30013,3,1|1
stn36,2016-04-16 11:10:00,P,0,2016-04-16 11:10:00,P,0,0,0,32,19,30013,3,1|1
stn35,2016-04-16 11:42:00,P,0,2016-04-16 11:52:00,P,0,10,10,7,9,30013,3,1|1
stn34,2016-04-16 11:59:00,P,0,2016-04-16 11:59:00,P,0,0,0,6,6,30013,3,1|1
stn33,2016-04-16 12:05:00,P,0,2016-04-16 12:05:00,P,0,0,0,18,19,30013,3,1|1
stn32,2016-04-16 12:23:00,P,0,2016-04-16 12:23:00,P,0,0,0,19,21,30013,3,1|1
stn31,2016-04-16 12:42:00,P,0,2016-04-16 12:44:00,P,0,2,2,11,13,30013,3,1|1
stn30,2016-04-16 12:55:00,P,0,2016-04-16 12:55:00,P,0,0,0,10,14,30013,3,1|1
stn29,2016-04-16 13:05:00,P,0,2016-04-16 13:05:00,P,0,0,0,7,11,30013,3,1|1
stn28,2016-04-16 13:12:00,P,0,2016-04-16 13:12:00,P,0,0,0,11,12,30013,3,1|1
stn27,2016-04-16 13:23:00,P,0,2016-04-16 13:23:00,P,0,0,0,10,12,30013,3,1|1
stn26,2016-04-16 13:33:00,P,0,2016-04-16 13:33:00,P,0,0,0,10,12,30013,3,1|1
stn25,2016-04-16 13:43:00,P,0,2016-04-16 13:43:00,P,0,0,0,17,21,30013,3,1|1
stn24,2016-04-16 14:00:00,P,0,2016-04-16 14:02:00,P,0,2,2,21,18,30013,3,1|1
stn23,2016-04-16 14:23:00,P,0,2016-04-16 14:23:00,P,0,0,0,21,19,30013,3,1|1
stn22,2016-04-16 14:44:00,P,0,2016-04-16 14:44:00,P,0,0,0,22,20,30013,3,1|1
stn21,2016-04-16 15:06:00,P,0,2016-04-16 15:06:00,P,0,0,0,23,20,30013,3,1|1
stn20,2016-04-16 15:29:00,P,0,2016-04-16 15:29:00,P,0,0,0,21,19,30013,3,1|1
stn19,2016-04-16 15:50:00,P,0,2016-04-16 15:50:00,P,0,0,0,21,19,30013,3,1|1
stn18,2016-04-16 16:11:00,P,0,2016-04-16 16:11:00,P,0,0,0,21,18,30013,3,1|1
stn17,2016-04-16 16:32:00,P,0,2016-04-16 16:37:00,P,0,5,5,7,8,30013,3,1|1
stn16,2016-04-16 16:44:00,P,0,2016-04-16 16:44:00,P,0,0,0,12,15,30013,3,1|1
stn15,2016-04-16 16:56:00,P,0,2016-04-16 16:56:00,P,0,0,0,14,16,30013,3,1|1
stn14,2016-04-16 17:10:00,P,0,2016-04-16 17:10:00,P,0,0,0,20,16,30013,3,1|1
stn13,2016-04-16 17:30:00,P,0,2016-04-16 17:30:00,P,0,0,0,4,12,30013,3,1|1
stn12,2016-04-16 17:34:00,P,0,2016-04-16 17:34:00,P,0,0,0,9,10,30013,3,1|1
stn11,2016-04-16 17:43:00,P,0,2016-04-16 17:43:00,P,0,0,0,9,11,30013,3,1|1
stn10,2016-04-16 17:52:00,P,0,2016-04-16 17:52:00,P,0,0,0,17,19,30013,3,1|1
stn09,2016-04-16 18:09:00,P,0,2016-04-16 18:09:00,P,0,0,0,13,16,30013,3,1|1
stn08,2016-04-16 18:22:00,P,0,2016-04-16 18:22:00,P,0,0,0,18,21,30013,3,1|1
stn07,2016-04-16 18:40:00,P,0,2016-04-16 18:40:00,P,0,0,0,10,9,30013,3,1|1
stn06,2016-04-16 18:50:00,P,0,2016-04-16 18:50:00,P,0,0,0,8,12,30013,3,1|1
stn05,2016-04-16 18:58:00,P,0,2016-04-16 18:58:00,P,0,0,0,15,19,30013,3,1|1
stn04,2016-04-16 19:13:00,P,0,2016-04-16 19:13:00,P,0,0,0,17,20,30013,3,1|1
stn03,2016-04-16 19:30:00,P,0,2016-04-16 19:32:00,P,0,2,2,21,21,30013,3,1|1
stn02,2016-04-16 19:53:00,P,0,2016-04-16 19:53:00,P,0,0,0,16,15,30013,3,1|1
stn01,2016-04-16 20:09:00,P,0,2016-04-16 20:09:00,P,0,0,0,0,0,30013,3,1|1
stn01,2016-04-15 14:50:00,P,0,2016-04-15 14:53:00,P,0,3,3,13,15,30014,3,1|1
stn02,2016-04-15 15:06:00,P,0,2016-04-15 15:06:00,P,0,0,0,17,21,30014,3,1|1
stn03,2016-04-15 15:23:00,P,0,2016-04-15 15:23:00,P,0,0,0,17,20,30014,3,1|1
stn04,2016-04-15 15:40:00,P,0,2016-04-15 15:40:00,P,0,0,0,16,19,30014,3,1|1
stn05,2016-04-15 15:56:00,P,0,2016-04-15 15:56:00,P,0,0,0,8,12,30014,3,1|1
stn06,2016-04-15 16:04:00,P,0,2016-04-15 16:04:00,P,0,0,0,10,9,30014,3,1|1
stn07,2016-04-15 16:14:00,P,0,2016-04-15 16:14:00,P,0,0,0,17,21,30014,3,1|1
stn08,2016-04-15 16:31:00,P,0,2016-04-15 16:31:00,P,0,0,0,14,16,30014,3,1|1
stn09,2016-04-15 16:45:00,P,0,2016-04-15 16:45:00,P,0,0,0,16,19,30014,3,1|1
stn10,2016-04-15 17:01:00,P,0,2016-04-15 17:03:00,P,0,2,2,15,11,30014,3,1|1
stn11,2016-04-15 17:18:00,P,0,2016-04-15 17:18:00,P,0,0,0,14,10,30014,3,1|1
stn12,2016-04-15 17:32:00,P,0,2016-04-15 17:32:00,P,0,0,0,6,12,30014,3,1|1
stn13,2016-04-15 17:38:00,P,0,2016-04-15 17:38:00,P,0,0,0,33,16,30014,3,1|1
stn14,2016-04-15 18:11:00,P,0,2016-04-15 18:11:00,P,0,0,0,22,16,30014,3,1|1
stn15,2016-04-15 18:33:00,P,0,2016-04-15 18:33:00,P,0,0,0,19,15,30014,3,1|1
stn16,2016-04-15 18:52:00,P,0,2016-04-15 18:52:00,P,0,0,0,11,8,30014,3,1|1
stn17,2016-04-15 19:03:00,P,0,2016-04-15 19:08:00,P,0,5,5,13,18,30014,3,1|1
stn18,2016-04-15 19:21:00,P,0,2016-04-15 19:21:00,P,0,0,0,14,19,30014,3,1|1
stn19,2016-04-15 19:35:00,P,0,2016-04-15 19:35:00,P,0,0,0,13,19,30014,3,1|1
stn20,2016-04-15 19:48:00,P,0,2016-04-15 19:48:00,P,0,0,0,15,20,30014,3,1|1
stn21,2016-04-15 20:03:00,P,0,2016-04-15 20:03:00,P,0,0,0,14,20,30014,3,1|1
stn22,2016-04-15 20:17:00,P,0,2016-04-15 20:17:00,P,0,0,0,13,19,30014,3,1|1
stn23,2016-04-15 20:30:00,P,0,2016-04-15 20:30:00,P,0,0,0,14,18,30014,3,1|1
stn24,2016-04-15 20:44:00,P,0,2016-04-15 20:44:00,P,0,0,0,15,21,30014,3,1|1
stn25,2016-04-15 20:59:00,P,0,2016-04-15 20:59:00,P,0,0,0,9,12,30014,3,1|1
stn26,2016-04-15 21:08:00,P,0,2016-04-15 21:10:00,P,0,2,2,12,12,30014,3,1|1
stn27,2016-04-15 21:22:00,P,0,2016-04-15 21:22:00,P,0,0,0,12,12,30014,3,1|1
stn28,2016-04-15 21:34:00,P,0,2016-04-15 21:34:00,P,0,0,0,9,11,30014,3,1|1
stn29,2016-04-15 21:43:00,P,0,2016-04-15 21:43:00,P,0,0,0,12,14,30014,3,1|1
stn30,2016-04-15 21:55:00,P,0,2016-04-15 21:55:00,P,0,0,0,13,13,30014,3,1|1
stn31,2016-04-15 22:08:00,P,0,2016-04-15 22:10:00,P,0,2,2,16,21,30014,3,1|1
stn32,2016-04-15 22:26:00,P,0,2016-04-15 22:28:00,P,0,2,2,24,19,30014,3,1|1
stn33,2016-04-15 22:52:00,P,0,2016-04-15 22:52:00,P,0,0,0,7,6,30014,3,1|1
stn34,2016-04-15 22:59:00,P,0,2016-04-15 22:59:00,P,0,0,0,9,9,30014,3,1|1
stn35,2016-04-15 23:08:00,P,0,2016-04-15 23:18:00,P,0,10,10,14,19,30014,3,1|1
stn36,2016-04-15 23:32:00,P,0,2016-04-15 23:32:00,P,0,0,0,14,20,30014,3,1|1
stn37,2016-04-15 23:46:00,P,0,2016-04-15 23:48:00,P,0,2,2,10,12,30014,3,1|1
stn38,2016-04-15 23:58:00,P,0,2016-04-15 23:58:00,P,0,0,0,10,9,30014,3,1|1
stn39,2016-04-16 00:08:00,P,0,2016-04-16 00:08:00,P,0,0,0,8,9,30014,3,1|1
stn40,2016-04-16 00:16:00,P,0,2016-04-16 00:18:00,P,0,2,2,8,16,30014,3,1|1
stn41,2016-04-16 00:26:00,P,0,2016-04-16 00:26:00,P,0,0,0,9,17,30014,3,1|1
stn42,2016-04-16 00:35:00,P,0,2016-04-16 00:35:00,P,0,0,0,5,9,30014,3,1|1
stn43,2016-04-16 00:40:00,P,0,2016-04-16 00:40:00,P,0,0,0,12,23,30014,3,1|1
stn44,2016-04-16 00:52:00,P,0,2016-04-16 00:54:00,P,0,2,2,12,16,30014,3,1|1
stn45,2016-04-16 01:06:00,P,0,2016-04-16 01:06:00,P,0,0,0,15,21,30014,3,1|1
stn46,2016-04-16 01:21:00,P,0,2016-04-16 01:21:00,P,0,0,0,7,10,30014,3,1|1
stn47,2016-04-16 01:28:00,P,0,2016-04-16 01:30:00,P,0,2,2,14,18,30014,3,1|1
stn48,2016-04-16 01:44:00,P,0,2016-04-16 01:46:00,P,0,2,2,6,9,30014,3,1|1
stn49,2016-04-16 01:52:00,P,0,2016-04-16 01:52:00,P,0,0,0,15,16,30014,3,1|1
stn50,2016-04-16 02:07:00,P,0,2016-04-16 02:07:00,P,0,0,0,17,16,30014,3,1|1
stn51,2016-04-16 02:24:00,P,0,2016-04-16 02:24:00,P,0,0,0,16,16,30014,3,1|1
stn52,2016-04-16 02:40:00,P,0,2016-04-16 02:42:00,P,0,2,2,13,19,30014,3,1|1
stn53,2016-04-16 02:55:00,P,0,2016-04-16 02:55:00,P,0,0,0,13,19,30014,3,1|1
stn54,2016-04-16 03:08:00,P,0,2016-04-16 03:10:00,P,0,2,2,18,20,30014,3,1|1
stn55,2016-04-16 03:28:00,P,0,2016-04-16 03:28:00,P,0,0,0,10,11,30014,3,1|1
stn56,2016-04-16 03:38:00,P,0,2016-04-16 03:38:00,P,0,0,0,8,9,30014,3,1|1
stn57,2016-04-16 03:46:00,P,0,2016-04-16 03:46:00,P,0,0,0,10,11,30014,3,1|1
stn58,2016-04-16 03:56:00,P,0,2016-04-16 03:58:00,P,0,2,2,8,5,30014,3,1|1
stn59,2016-04-16 04:06:00,P,0,2016-04-16 04:06:00,P,0,0,0,0,0,30014,3,1|1
stn01,2016-04-16 14:40:00,P,0,2016-04-16 14:43:00,P,0,3,3,13,15,30015,3,1|1
stn02,2016-04-16 14:56:00,P,0,2016-04-16 14:56:00,P,0,0,0,17,21,30015,3,1|1
stn03,2016-04-16 15:13:00,P,0,2016-04-16 15:13:00,P,0,0,0,17,20,30015,3,1|1
stn04,2016-04-16 15:30:00,P,0,2016-04-16 15:30:00,P,0,0,0,16,19,30015,3,1|1
stn05,2016-04-16 15:46:00,P,0,2016-04-16 15:46:00,P,0,0,0,8,12,30015,3,1|1
stn06,2016-04-16 15:54:00,P,0,2016-04-16 15:54:00,P,0,0,0,10,9,30015,3,1|1
stn07,2016-04-16 16:04:00,P,0,2016-04-16 16:04:00,P,0,0,0,17,21,30015,3,1|1
stn08,2016-04-16 16:21:00,P,0,2016-04-16 16:21:00,P,0,0,0,14,16,30015,3,1|1
stn09,2016-04-16 16:35:00,P,0,2016-04-16 16:35:00,P,0,0,0,16,19,30015,3,1|1
stn10,2016-04-16 16:51:00,P,0,2016-04-16 16:53:00,P,0,2,2,15,11,30015,3,1|1
stn11,2016-04-16 17:08:00,P,0,2016-04-16 17:08:00,P,0,0,0,14,10,30015,3,1|1
stn12,2016-04-16 17:22:00,P,0,2016-04-16 17:22:00,P,0,0,0,6,12,30015,3,1|1
stn13,2016-04-16 17:28:00,P,0,2016-04-16 17:28:00,P,0,0,0,33,16,30015,3,1|1
stn14,2016-04-16 18:01:00,P,0,2016-04-16 18:01:00,P,0,0,0,22,16,30015,3,1|1
stn15,2016-04-16 18:23:00,P,0,2016-04-16 18:23:00,P,0,0,0,19,15,30015,3,1|1
stn16,2016-04-16 18:42:00,P,0,2016-04-16 18:42:00,P,0,0,0,11,8,30015,3,1|1
stn17,2016-04-16 18:53:00,P,0,2016-04-16 18:58:00,P,0,5,5,13,18,30015,3,1|1
stn18,2016-04-16 19:11:00,P,0,2016-04-16 19:11:00,P,0,0,0,14,19,30015,3,1|1
stn19,2016-04-16 19:25:00,P,0,2016-04-16 19:25:00,P,0,0,0,13,19,30015,3,1|1
stn20,2016-04-16 19:38:00,P,0,2016-04-16 19:38:00,P,0,0,0,15,20,30015,3,1|1
stn21,2016-04-16 19:53:00,P,0,2016-04-16 19:53:00,P,0,0,0,14,20,30015,3,1|1
stn22,2016-04-16 20:07:00,P,0,2016-04-16 20:07:00,P,0,0,0,13,19,30015,3,1|1
stn23,2016-04-16 20:20:00,P,0,2016-04-16 20:20:00,P,0,0,0,14,18,30015,3,1|1
stn24,2016-04-16 20:34:00,P,0,2016-04-16 20:34:00,P,0,0,0,15,21,30015,3,1|1
stn25,2016-04-16 20:49:00,P,0,2016-04-16 20:49:00,P,0,0,0,9,12,30015,3,1|1
stn26,2016-04-16 20:58:00,P,0,2016-04-16 21:00:00,P,0,2,2,12,12,30015,3,1|1
stn27,2016-04-16 21:12:00,P,0,2016-04-16 21:12:00,P,0,0,0,12,12,30015,3,1|1
stn28,2016-04-16 21:24:00,P,0,2016-04-16 21:24:00,P,0,0,0,9,11,30015,3,1|1
stn29,2016-04-16 21:33:00,P,0,2016-04-16 21:33:00,P,0,0,0,12,14,30015,3,1|1
stn30,2016-04-16 21:45:00,P,0,2016-04-16 21:45:00,P,0,0,0,13,13,30015,3,1|1
stn31,2016-04-16 21:58:00,P,0,2016-04-16 22:00:00,P,0,2,2,16,21,30015,3,1|1
stn32,2016-04-16 22:16:00,P,0,2016-04-16 22:18:00,P,0,2,2,24,19,30015,3,1|1
stn33,2016-04-16 22:42:00,P,0,2016-04-16 22:42:00,P,0,0,0,7,6,30015,3,1|1
stn34,2016-04-16 22:49:00,P,0,2016-04-16 22:49:00,P,0,0,0,9,9,30015,3,1|1
stn35,2016-04-16 22:58:00,P,0,2016-04-16 23:08:00,P,0,10,10,14,19,30015,3,1|1
stn36,2016-04-16 23:22:00,P,0,2016-04-16 23:22:00,P,0,0,0,14,20,30015,3,1|1
stn37,2016-04-16 23:36:00,P,0,2016-04-16 23:38:00,P,0,2,2,10,12,30015,3,1|1
stn38,2016-04-16 23:48:00,P,0,2016-04-16 23:48:00,P,0,0,0,10,9,30015,3,1|1
stn39,2016-04-16 23:58:00,P,0,2016-04-16 23:58:00,P,0,0,0,8,9,30015,3,1|1
stn40,2016-04-17 00:06:00,P,0,2016-04-17 00:08:00,P,0,2,2,8,16,30015,3,1|1
stn41,2016-04-17 00:16:00,P,0,2016-04-17 00:16:00,P,0,0,0,9,17,30015,3,1|1
stn42,2016-04-17 00:25:00,P,0,2016-04-17 00:25:00,P,0,0,0,5,9,30015,3,1|1
stn43,2016-04-17 00:30:00,P,0,2016-04-17 00:30:00,P,0,0,0,12,23,30015,3,1|1
stn44,2016-04-17 00:42:00,P,0,2016-04-17 00:44:00,P,0,2,2,12,16,30015,3,1|1
stn45,2016-04-17 00:56:00,P,0,2016-04-17 00:56:00,P,0,0,0,15,21,30015,3,1|1
stn46,2016-04-17 01:11:00,P,0,2016-04-17 01:11:00,P,0,0,0,7,10,30015,3,1|1
stn47,2016-04-17 01:18:00,P,0,2016-04-17 01:20:00,P,0,2,2,14,18,30015,3,1|1
stn48,2016-04-17 01:34:00,P,0,2016-04-17 01:36:00,P,0,2,2,6,9,30015,3,1|1
stn49,2016-04-17 01:42:00,P,0,2016-04-17 01:42:00,P,0,0,0,15,16,30015,3,1|1
stn50,2016-04-17 01:57:00,P,0,2016-04-17 01:57:00,P,0,0,0,17,16,30015,3,1|1
stn51,2016-04-17 02:14:00,P,0,2016-04-17 02:14:00,P,0,0,0,16,16,30015,3,1|1
stn52,2016-04-17 02:30:00,P,0,2016-04-17 02:32:00,P,0,2,2,13,19,30015,3,1|1
stn53,2016-04-17 02:45:00,P,0,2016-04-17 02:45:00,P,0,0,0,13,19,30015,3,1|1
stn54,2016-04-17 02:58:00,P,0,2016-04-17 03:00:00,P,0,2,2,18,20,30015,3,1|1
stn55,2016-04-17 03:18:00,P,0,2016-04-17 03:18:00,P,0,0,0,10,11,30015,3,1|1
stn56,2016-04-17 03:28:00,P,0,2016-04-17 03:28:00,P,0,0,0,8,9,30015,3,1|1
stn57,2016-04-17 03:36:00,P,0,2016-04-17 03:36:00,P,0,0,0,10,11,30015,3,1|1
stn58,2016-04-17 03:46:00,P,0,2016-04-17 03:48:00,P,0,2,2,8,5,30015,3,1|1
stn59,2016-04-17 03:56:00,P,0,2016-04-17 03:56:00,P,0,0,0,0,0,30015,3,1|1
stn59,2016-04-15 23:52:00,P,0,2016-04-15 23:52:00,P,0,0,0,8,5,30016,3,1|1
stn58,2016-04-16 00:00:00,P,0,2016-04-16 00:01:00,P,0,1,1,9,11,30016,3,1|1
stn57,2016-04-16 00:10:00,P,0,2016-04-16 00:10:00,P,0,0,0,7,9,30016,3,1|1
stn56,2016-04-16 00:17:00,P,0,2016-04-16 00:17:00,P,0,0,0,9,11,30016,3,1|1
stn55,2016-04-16 00:26:00,P,0,2016-04-16 00:26:00,P,0,0,0,16,20,30016,3,1|1
stn54,2016-04-16 00:42:00,P,0,2016-04-16 00:43:00,P,0,1,1,15,20,30016,3,1|1
stn53,2016-04-16 00:58:00,P,0,2016-04-16 00:58:00,P,0,0,0,14,19,30016,3,1|1
stn52,2016-04-16 01:12:00,P,0,2016-04-16 01:13:00,P,0,1,1,12,17,30016,3,1|1
stn51,2016-04-16 01:25:00,P,0,2016-04-16 01:25:00,P,0,0,0,12,17,30016,3,1|1
stn50,2016-04-16 01:37:00,P,0,2016-04-16 01:37:00,P,0,0,0,19,17,30016,3,1|1
stn49,2016-04-16 01:56:00,P,0,2016-04-16 01:56:00,P,0,0,0,12,9,30016,3,1|1
stn48,2016-04-16 02:08:00,P,0,2016-04-16 02:09:00,P,0,1,1,19,18,30016,3,1|1
stn47,2016-04-16 02:28:00,P,0,2016-04-16 02:29:00,P,0,1,1,7,10,30016,3,1|1
stn46,2016-04-16 02:36:00,P,0,2016-04-16 02:36:00,P,0,0,0,13,22,30016,3,1|1
stn45,2016-04-16 02:49:00,P,0,2016-04-16 02:49:00,P,0,0,0,11,17,30016,3,1|1
stn44,2016-04-16 03:00:00,P,0,2016-04-16 03:01:00,P,0,1,1,17,23,30016,3,1|1
stn43,2016-04-16 03:18:00,P,0,2016-04-16 03:18:00,P,0,0,0,7,9,30016,3,1|1
stn42,2016-04-16 03:25:00,P,0,2016-04-16 03:25:00,P,0,0,0,13,17,30016,3,1|1
stn41,2016-04-16 03:38:00,P,0,2016-04-16 03:38:00,P,0,0,0,12,17,30016,3,1|1
stn40,2016-04-16 03:50:00,P,0,2016-04-16 03:51:00,P,0,1,1,7,9,30016,3,1|1
stn39,2016-04-16 03:58:00,P,0,2016-04-16 03:58:00,P,0,0,0,9,10,30016,3,1|1
stn38,2016-04-16 04:07:00,P,0,2016-04-16 04:07:00,P,0,0,0,9,12,30016,3,1|1
stn37,2016-04-16 04:16:00,P,0,2016-04-16 04:17:00,P,0,1,1,13,20,30016,3,1|1
stn36,2016-04-16 04:30:00,P,0,2016-04-16 04:30:00,P,0,0,0,14,20,30016,3,1|1
stn35,2016-04-16 04:44:00,P,0,2016-04-16 04:54:00,P,0,10,10,10,9,30016,3,1|1
stn34,2016-04-16 05:04:00,P,0,2016-04-16 05:04:00,P,0,0,0,7,6,30016,3,1|1
stn33,2016-04-16 05:11:00,P,0,2016-04-16 05:11:00,P,0,0,0,25,19,30016,3,1|1
stn32,2016-04-16 05:36:00,P,0,2016-04-16 05:37:00,P,0,1,1,17,21,30016,3,1|1
stn31,2016-04-16 05:54:00,P,0,2016-04-16 05:55:00,P,0,1,1,13,13,30016,3,1|1
stn30,2016-04-16 06:08:00,P,0,2016-04-16 06:08:00,P,0,0,0,13,15,30016,3,1|1
stn29,2016-04-16 06:21:00,P,0,2016-04-16 06:21:00,P,0,0,0,10,12,30016,3,1|1
stn28,2016-04-16 06:31:00,P,0,2016-04-16 06:31:00,P,0,0,0,13,13,30016,3,1|1
stn27,2016-04-16 06:44:00,P,0,2016-04-16 06:44:00,P,0,0,0,12,12,30016,3,1|1
stn26,2016-04-16 06:56:00,P,0,2016-04-16 06:57:00,P,0,1,1,9,13,30016,3,1|1
stn25,2016-04-16 07:06:00,P,0,2016-04-16 07:06:00,P,0,0,0,16,22,30016,3,1|1
stn24,2016-04-16 07:22:00,P,0,2016-04-16 07:22:00,P,0,0,0,13,19,30016,3,1|1
stn23,2016-04-16 07:35:00,P,0,2016-04-16 07:35:00,P,0,0,0,14,19,30016,3,1|1
stn22,2016-04-16 07:49:00,P,0,2016-04-16 07:49:00,P,0,0,0,14,20,30016,3,1|1
stn21,2016-04-16 08:03:00,P,0,2016-04-16 08:03:00,P,0,0,0,15,20,30016,3,1|1
stn20,2016-04-16 08:18:00,P,0,2016-04-16 08:18:00,P,0,0,0,14,19,30016,3,1|1
stn19,2016-04-16 08:32:00,P,0,2016-04-16 08:32:00,P,0,0,0,14,20,30016,3,1|1
stn18,2016-04-16 08:46:00,P,0,2016-04-16 08:46:00,P,0,0,0,13,19,30016,3,1|1
stn17,2016-04-16 08:59:00,P,0,2016-04-16 09:04:00,P,0,5,5,7,8,30016,3,1|1
stn16,2016-04-16 09:11:00,P,0,2016-04-16 09:11:00,P,0,0,0,13,15,30016,3,1|1
stn15,2016-04-16 09:24:00,P,0,2016-04-16 09:24:00,P,0,0,0,14,17,30016,3,1|1
stn14,2016-04-16 09:38:00,P,0,2016-04-16 09:38:00,P,0,0,0,21,17,30016,3,1|1
stn13,2016-04-16 09:59:00,P,0,2016-04-16 09:59:00,P,0,0,0,4,12,30016,3,1|1
stn12,2016-04-16 10:03:00,P,0,2016-04-16 10:03:00,P,0,0,0,9,10,30016,3,1|1
stn11,2016-04-16 10:12:00,P,0,2016-04-16 10:12:00,P,0,0,0,10,12,30016,3,1|1
stn10,2016-04-16 10:22:00,P,0,2016-04-16 10:23:00,P,0,1,1,24,20,30016,3,1|1
stn09,2016-04-16 10:47:00,P,0,2016-04-16 10:47:00,P,0,0,0,19,16,30016,3,1|1
stn08,2016-04-16 11:06:00,P,0,2016-04-16 11:06:00,P,0,0,0,26,22,30016,3,1|1
stn07,2016-04-16 11:32:00,P,0,2016-04-16 11:32:00,P,0,0,0,14,9,30016,3,1|1
stn06,2016-04-16 11:46:00,P,0,2016-04-16 11:46:00,P,0,0,0,12,12,30016,3,1|1
stn05,2016-04-16 11:58:00,P,0,2016-04-16 11:58:00,P,0,0,0,23,19,30016,3,1|1
stn04,2016-04-16 12:21:00,P,0,2016-04-16 12:21:00,P,0,0,0,24,20,30016,3,1|1
stn03,2016-04-16 12:45:00,P,0,2016-04-16 12:45:00,P,0,0,0,25,21,30016,3,1|1
stn02,2016-04-16 13:10:00,P,0,2016-04-16 13:10:00,P,0,0,0,19,16,30016,3,1|1
stn01,2016-04-16 13:29:00,P,0,2016-04-16 13:34:00,P,0,5,5,0,0,30016,3,1|1
stn40,2016-04-16 06:01:00,P,0,2016-04-16 06:01:00,P,0,0,0,10,21,30017,3,1|1
stn41,2016-04-16 06:11:00,P,0,2016-04-16 06:11:00,P,0,0,0,11,22,30017,3,1|1
stn42,2016-04-16 06:22:00,P,0,2016-04-16 06:22:00,P,0,0,0,6,12,30017,3,1|1
stn43,2016-04-16 06:28:00,P,0,2016-04-16 06:28:00,P,0,0,0,15,30,30017,3,1|1
stn44,2016-04-16 06:43:00,P,0,2016-04-16 06:45:00,P,0,2,2,14,21,30017,3,1|1
stn45,2016-04-16 06:59:00,P,0,2016-04-16 07:01:00,P,0,2,2,16,28,30017,3,1|1
stn46,2016-04-16 07:17:00,P,0,2016-04-16 07:17:00,P,0,0,0,7,13,30017,3,1|1
stn47,2016-04-16 07:24:00,P,0,2016-04-16 07:24:00,P,0,0,0,13,23,30017,3,1|1
stn48,2016-04-16 07:37:00,P,0,2016-04-16 07:39:00,P,0,2,2,13,12,30017,3,1|1
stn49,2016-04-16 07:52:00,P,0,2016-04-16 07:52:00,P,0,0,0,23,21,30017,3,1|1
stn50,2016-04-16 08:15:00,P,0,2016-04-16 08:15:00,P,0,0,0,15,21,30017,3,1|1
stn51,2016-04-16 08:30:00,P,0,2016-04-16 08:30:00,P,0,0,0,15,21,30017,3,1|1
stn52,2016-04-16 08:45:00,P,0,2016-04-16 08:47:00,P,0,2,2,11,24,30017,3,1|1
stn53,2016-04-16 08:58:00,P,0,2016-04-16 08:58:00,P,0,0,0,11,25,30017,3,1|1
stn54,2016-04-16 09:09:00,P,0,2016-04-16 09:11:00,P,0,2,2,27,25,30017,3,1|1
stn55,2016-04-16 09:38:00,P,0,2016-04-16 09:38:00,P,0,0,0,15,14,30017,3,1|1
stn56,2016-04-16 09:53:00,P,0,2016-04-16 09:53:00,P,0,0,0,13,11,30017,3,1|1
stn57,2016-04-16 10:06:00,P,0,2016-04-16 10:06:00,P,0,0,0,15,14,30017,3,1|1
stn58,2016-04-16 10:21:00,P,0,2016-04-16 10:23:00,P,0,2,2,13,7,30017,3,1|1
stn59,2016-04-16 10:36:00,P,0,2016-04-16 10:36:00,P,0,0,0,0,0,30017,3,1|1
stn59,2016-04-16 09:48:00,P,0,2016-04-16 09:48:00,P,0,0,0,11,7,30018,3,1|1
stn58,2016-04-16 09:59:00,P,0,2016-04-16 10:00:00,P,0,1,1,9,13,30018,3,1|1
stn57,2016-04-16 10:09:00,P,0,2016-04-16 10:10:00,P,0,1,1,9,11,30018,3,1|1
stn56,2016-04-16 10:19:00,P,0,2016-04-16 10:19:00,P,0,0,0,12,14,30018,3,1|1
stn55,2016-04-16 10:31:00,P,0,2016-04-16 10:31:00,P,0,0,0,20,25,30018,3,1|1
stn54,2016-04-16 10:51:00,P,0,2016-04-16 10:52:00,P,0,1,1,13,25,30018,3,1|1
stn53,2016-04-16 11:05:00,P,0,2016-04-16 11:06:00,P,0,1,1,15,23,30018,3,1|1
stn52,2016-04-16 11:21:00,P,0,2016-04-16 11:22:00,P,0,1,1,12,21,30018,3,1|1
stn51,2016-04-16 11:34:00,P,0,2016-04-16 11:34:00,P,0,0,0,12,21,30018,3,1|1
stn50,2016-04-16 11:46:00,P,0,2016-04-16 11:46:00,P,0,0,0,16,21,30018,3,1|1
stn49,2016-04-16 12:02:00,P,0,2016-04-16 12:02:00,P,0,0,0,9,12,30018,3,1|1
stn48,2016-04-16 12:11:00,P,0,2016-04-16 12:12:00,P,0,1,1,17,22,30018,3,1|1
stn47,2016-04-16 12:29:00,P,0,2016-04-16 12:30:00,P,0,1,1,8,12,30018,3,1|1
stn46,2016-04-16 12:38:00,P,0,2016-04-16 12:38:00,P,0,0,0,17,27,30018,3,1|1
stn45,2016-04-16 12:55:00,P,0,2016-04-16 12:56:00,P,0,1,1,17,21,30018,3,1|1
stn44,2016-04-16 13:13:00,P,0,2016-04-16 13:14:00,P,0,1,1,19,29,30018,3,1|1
stn43,2016-04-16 13:33:00,P,0,2016-04-16 13:34:00,P,0,1,1,11,12,30018,3,1|1
stn42,2016-04-16 13:45:00,P,0,2016-04-16 13:46:00,P,0,1,1,22,22,30018,3,1|1
stn41,2016-04-16 14:08:00,P,0,2016-04-16 14:08:00,P,0,0,0,21,20,30018,3,1|1
stn40,2016-04-16 14:29:00,P,0,2016-04-16 14:29:00,P,0,0,0,0,0,30018,3,1|1
stn40,2016-04-16 14:57:00,P,0,2016-04-16 14:57:00,P,0,0,0,10,20,30019,3,1|1
stn41,2016-04-16 15:07:00,P,0,2016-04-16 15:07:00,P,0,0,0,10,22,30019,3,1|1
stn42,2016-04-16 15:17:00,P,0,2016-04-16 15:18:00,P,0,1,1,10,12,30019,3,1|1
stn43,2016-04-16 15:28:00,P,0,2016-04-16 15:29:00,P,0,1,1,18,29,30019,3,1|1
stn44,2016-04-16 15:47:00,P,0,2016-04-16 15:48:00,P,0,1,1,16,21,30019,3,1|1
stn45,2016-04-16 16:04:00,P,0,2016-04-16 16:05:00,P,0,1,1,21,27,30019,3,1|1
stn46,2016-04-16 16:26:00,P,0,2016-04-16 16:26:00,P,0,0,0,10,12,30019,3,1|1
stn47,2016-04-16 16:36:00,P,0,2016-04-16 16:37:00,P,0,1,1,15,22,30019,3,1|1
stn48,2016-04-16 16:52:00,P,0,2016-04-16 16:53:00,P,0,1,1,9,12,30019,3,1|1
stn49,2016-04-16 17:02:00,P,0,2016-04-16 17:02:00,P,0,0,0,19,21,30019,3,1|1
stn50,2016-04-16 17:21:00,P,0,2016-04-16 17:21:00,P,0,0,0,18,21,30019,3,1|1
stn51,2016-04-16 17:39:00,P,0,2016-04-16 17:39:00,P,0,0,0,19,21,30019,3,1|1
stn52,2016-04-16 17:58:00,P,0,2016-04-16 17:59:00,P,0,1,1,15,23,30019,3,1|1
stn53,2016-04-16 18:14:00,P,0,2016-04-16 18:15:00,P,0,1,1,17,25,30019,3,1|1
stn54,2016-04-16 18:32:00,P,0,2016-04-16 18:33:00,P,0,1,1,22,25,30019,3,1|1
stn55,2016-04-16 18:55:00,P,0,2016-04-16 18:55:00,P,0,0,0,13,14,30019,3,1|1
stn56,2016-04-16 19:08:00,P,0,2016-04-16 19:08:00,P,0,0,0,10,11,30019,3,1|1
stn57,2016-04-16 19:18:00,P,0,2016-04-16 19:19:00,P,0,1,1,19,13,30019,3,1|1
stn58,2016-04-16 19:38:00,P,0,2016-04-16 19:39:00,P,0,1,1,9,7,30019,3,1|1
stn59,2016-04-16 19:48:00,P,0,2016-04-16 19:48:00,P,0,0,0,0,0,30019,3,1|1
stn34,2016-04-16 20:54:00,P,0,2016-04-16 20:54:00,P,0,0,0,10,10,30020,3,1|1
stn35,2016-04-16 21:04:00,P,0,2016-04-16 21:09:00,P,0,5,5,0,0,30020,3,1|1
stn35,2016-04-16 11:45:00,P,0,2016-04-16 11:50:00,P,0,5,5,16,10,30021,3,1|1
stn34,2016-04-16 12:06:00,P,0,2016-04-16 12:06:00,P,0,0,0,0,0,30021,3,1|1
stn35,2016-04-16 14:08:00,P,0,2016-04-16 14:13:00,P,0,5,5,18,8,30022,3,1|1
stn34,2016-04-16 14:31:00,P,0,2016-04-16 14:31:00,P,0,0,0,0,0,30022,3,1|1
stn01,2016-04-15 13:59:00,P,0,2016-04-15 13:59:00,P,0,0,0,17,14,30023,3,1|1
stn02,2016-04-15 14:16:00,P,0,2016-04-15 14:16:00,P,0,0,0,22,19,30023,3,1|1
stn03,2016-04-15 14:38:00,P,0,2016-04-15 14:38:00,P,0,0,0,21,18,30023,3,1|1
stn04,2016-04-15 14:59:00,P,0,2016-04-15 14:59:00,P,0,0,0,20,18,30023,3,1|1
stn05,2016-04-15 15:19:00,P,0,2016-04-15 15:19:00,P,0,0,0,10,11,30023,3,1|1
stn06,2016-04-15 15:29:00,P,0,2016-04-15 15:29:00,P,0,0,0,13,8,30023,3,1|1
stn07,2016-04-15 15:42:00,P,0,2016-04-15 15:42:00,P,0,0,0,22,20,30023,3,1|1
stn08,2016-04-15 16:04:00,P,0,2016-04-15 16:04:00,P,0,0,0,17,15,30023,3,1|1
stn09,2016-04-15 16:21:00,P,0,2016-04-15 16:21:00,P,0,0,0,21,18,30023,3,1|1
stn10,2016-04-15 16:42:00,P,0,2016-04-15 16:42:00,P,0,0,0,12,11,30023,3,1|1
stn11,2016-04-15 16:54:00,P,0,2016-04-15 16:54:00,P,0,0,0,12,9,30023,3,1|1
stn12,2016-04-15 17:06:00,P,0,2016-04-15 17:06:00,P,0,0,0,4,11,30023,3,1|1
stn13,2016-04-15 17:10:00,P,0,2016-04-15 17:10:00,P,0,0,0,26,15,30023,3,1|1
stn14,2016-04-15 17:36:00,P,0,2016-04-15 17:36:00,P,0,0,0,18,15,30023,3,1|1
stn15,2016-04-15 17:54:00,P,0,2016-04-15 17:54:00,P,0,0,0,16,14,30023,3,1|1
stn16,2016-04-15 18:10:00,P,0,2016-04-15 18:10:00,P,0,0,0,8,8,30023,3,1|1
stn17,2016-04-15 18:18:00,P,0,2016-04-15 18:23:00,P,0,5,5,14,17,30023,3,1|1
stn18,2016-04-15 18:37:00,P,0,2016-04-15 18:37:00,P,0,0,0,15,18,30023,3,1|1
stn19,2016-04-15 18:52:00,P,0,2016-04-15 18:52:00,P,0,0,0,15,17,30023,3,1|1
stn20,2016-04-15 19:07:00,P,0,2016-04-15 19:07:00,P,0,0,0,16,18,30023,3,1|1
stn21,2016-04-15 19:23:00,P,0,2016-04-15 19:23:00,P,0,0,0,15,18,30023,3,1|1
stn22,2016-04-15 19:38:00,P,0,2016-04-15 19:38:00,P,0,0,0,15,17,30023,3,1|1
stn23,2016-04-15 19:53:00,P,0,2016-04-15 19:53:00,P,0,0,0,14,17,30023,3,1|1
stn24,2016-04-15 20:07:00,P,0,2016-04-15 20:07:00,P,0,0,0,17,19,30023,3,1|1
stn25,2016-04-15 20:24:00,P,0,2016-04-15 20:24:00,P,0,0,0,10,11,30023,3,1|1
stn26,2016-04-15 20:34:00,P,0,2016-04-15 20:34:00,P,0,0,0,10,11,30023,3,1|1
stn27,2016-04-15 20:44:00,P,0,2016-04-15 20:44:00,P,0,0,0,9,11,30023,3,1|1
stn28,2016-04-15 20:53:00,P,0,2016-04-15 20:53:00,P,0,0,0,8,10,30023,3,1|1
stn29,2016-04-15 21:01:00,P,0,2016-04-15 21:01:00,P,0,0,0,10,13,30023,3,1|1
stn30,2016-04-15 21:11:00,P,0,2016-04-15 21:11:00,P,0,0,0,10,12,30023,3,1|1
stn31,2016-04-15 21:21:00,P,0,2016-04-15 21:21:00,P,0,0,0,16,19,30023,3,1|1
stn32,2016-04-15 21:37:00,P,0,2016-04-15 21:37:00,P,0,0,0,15,18,30023,3,1|1
stn33,2016-04-15 21:52:00,P,0,2016-04-15 21:52:00,P,0,0,0,5,5,30023,3,1|1
stn34,2016-04-15 21:57:00,P,0,2016-04-15 21:57:00,P,0,0,0,6,8,30023,3,1|1
stn35,2016-04-15 22:03:00,P,0,2016-04-15 22:13:00,P,0,10,10,14,18,30023,3,1|1
stn36,2016-04-15 22:27:00,P,0,2016-04-15 22:27:00,P,0,0,0,14,18,30023,3,1|1
stn37,2016-04-15 22:41:00,P,0,2016-04-15 22:41:00,P,0,0,0,8,11,30023,3,1|1
stn38,2016-04-15 22:49:00,P,0,2016-04-15 22:49:00,P,0,0,0,8,9,30023,3,1|1
stn39,2016-04-15 22:57:00,P,0,2016-04-15 22:57:00,P,0,0,0,6,8,30023,3,1|1
stn40,2016-04-15 23:03:00,P,0,2016-04-15 23:05:00,P,0,2,2,9,15,30023,3,1|1
stn41,2016-04-15 23:14:00,P,0,2016-04-15 23:14:00,P,0,0,0,8,16,30023,3,1|1
stn42,2016-04-15 23:22:00,P,0,2016-04-15 23:22:00,P,0,0,0,5,8,30023,3,1|1
stn43,2016-04-15 23:27:00,P,0,2016-04-15 23:27:00,P,0,0,0,12,21,30023,3,1|1
stn44,2016-04-15 23:39:00,P,0,2016-04-15 23:39:00,P,0,0,0,9,15,30023,3,1|1
stn45,2016-04-15 23:48:00,P,0,2016-04-15 23:48:00,P,0,0,0,11,20,30023,3,1|1
stn46,2016-04-15 23:59:00,P,0,2016-04-15 23:59:00,P,0,0,0,5,9,30023,3,1|1
stn47,2016-04-16 00:04:00,P,0,2016-04-16 00:04:00,P,0,0,0,9,16,30023,3,1|1
stn48,2016-04-16 00:13:00,P,0,2016-04-16 00:13:00,P,0,0,0,5,8,30023,3,1|1
stn49,2016-04-16 00:18:00,P,0,2016-04-16 00:18:00,P,0,0,0,8,15,30023,3,1|1
stn50,2016-04-16 00:26:00,P,0,2016-04-16 00:26:00,P,0,0,0,9,15,30023,3,1|1
stn51,2016-04-16 00:35:00,P,0,2016-04-16 00:35:00,P,0,0,0,8,15,30023,3,1|1
stn52,2016-04-16 00:43:00,P,0,2016-04-16 00:43:00,P,0,0,0,10,17,30023,3,1|1
stn53,2016-04-16 00:53:00,P,0,2016-04-16 00:53:00,P,0,0,0,10,18,30023,3,1|1
stn54,2016-04-16 01:03:00,P,0,2016-04-16 01:05:00,P,0,2,2,28,18,30023,3,1|1
stn55,2016-04-16 01:33:00,P,0,2016-04-16 01:33:00,P,0,0,0,16,10,30023,3,1|1
stn56,2016-04-16 01:49:00,P,0,2016-04-16 01:49:00,P,0,0,0,13,8,30023,3,1|1
stn57,2016-04-16 02:02:00,P,0,2016-04-16 02:02:00,P,0,0,0,15,10,30023,3,1|1
stn58,2016-04-16 02:17:00,P,0,2016-04-16 02:17:00,P,0,0,0,8,5,30023,3,1|1
stn59,2016-04-16 02:25:00,P,0,2016-04-16 02:25:00,P,0,0,0,0,0,30023,3,1|1
stn01,2016-04-16 15:21:00,P,0,2016-04-16 15:21:00,P,0,0,0,18,15,30024,3,1|1
stn02,2016-04-16 15:39:00,P,0,2016-04-16 15:39:00,P,0,0,0,24,21,30024,3,1|1
stn03,2016-04-16 16:03:00,P,0,2016-04-16 16:03:00,P,0,0,0,23,20,30024,3,1|1
stn04,2016-04-16 16:26:00,P,0,2016-04-16 16:26:00,P,0,0,0,22,19,30024,3,1|1
stn05,2016-04-16 16:48:00,P,0,2016-04-16 16:48:00,P,0,0,0,11,12,30024,3,1|1
stn06,2016-04-16 16:59:00,P,0,2016-04-16 16:59:00,P,0,0,0,14,9,30024,3,1|1
stn07,2016-04-16 17:13:00,P,0,2016-04-16 17:13:00,P,0,0,0,24,21,30024,3,1|1
stn08,2016-04-16 17:37:00,P,0,2016-04-16 17:37:00,P,0,0,0,19,16,30024,3,1|1
stn09,2016-04-16 17:56:00,P,0,2016-04-16 17:56:00,P,0,0,0,22,19,30024,3,1|1
stn10,2016-04-16 18:18:00,P,0,2016-04-16 18:18:00,P,0,0,0,13,11,30024,3,1|1
stn11,2016-04-16 18:31:00,P,0,2016-04-16 18:31:00,P,0,0,0,12,10,30024,3,1|1
stn12,2016-04-16 18:43:00,P,0,2016-04-16 18:43:00,P,0,0,0,6,12,30024,3,1|1
stn13,2016-04-16 18:49:00,P,0,2016-04-16 18:49:00,P,0,0,0,28,16,30024,3,1|1
stn14,2016-04-16 19:17:00,P,0,2016-04-16 19:17:00,P,0,0,0,19,16,30024,3,1|1
stn15,2016-04-16 19:36:00,P,0,2016-04-16 19:36:00,P,0,0,0,17,15,30024,3,1|1
stn16,2016-04-16 19:53:00,P,0,2016-04-16 19:53:00,P,0,0,0,9,8,30024,3,1|1
stn17,2016-04-16 20:02:00,P,0,2016-04-16 20:07:00,P,0,5,5,15,18,30024,3,1|1
stn18,2016-04-16 20:22:00,P,0,2016-04-16 20:22:00,P,0,0,0,16,19,30024,3,1|1
stn19,2016-04-16 20:38:00,P,0,2016-04-16 20:38:00,P,0,0,0,15,19,30024,3,1|1
stn20,2016-04-16 20:53:00,P,0,2016-04-16 20:53:00,P,0,0,0,16,20,30024,3,1|1
stn21,2016-04-16 21:09:00,P,0,2016-04-16 21:09:00,P,0,0,0,17,20,30024,3,1|1
stn22,2016-04-16 21:26:00,P,0,2016-04-16 21:26:00,P,0,0,0,15,19,30024,3,1|1
stn23,2016-04-16 21:41:00,P,0,2016-04-16 21:41:00,P,0,0,0,15,18,30024,3,1|1
stn24,2016-04-16 21:56:00,P,0,2016-04-16 21:56:00,P,0,0,0,17,21,30024,3,1|1
stn25,2016-04-16 22:13:00,P,0,2016-04-16 22:13:00,P,0,0,0,11,12,30024,3,1|1
stn26,2016-04-16 22:24:00,P,0,2016-04-16 22:24:00,P,0,0,0,10,12,30024,3,1|1
stn27,2016-04-16 22:34:00,P,0,2016-04-16 22:34:00,P,0,0,0,10,12,30024,3,1|1
stn28,2016-04-16 22:44:00,P,0,2016-04-16 22:44:00,P,0,0,0,8,11,30024,3,1|1
stn29,2016-04-16 22:52:00,P,0,2016-04-16 22:52:00,P,0,0,0,10,14,30024,3,1|1
stn30,2016-04-16 23:02:00,P,0,2016-04-16 23:02:00,P,0,0,0,11,13,30024,3,1|1
stn31,2016-04-16 23:13:00,P,0,2016-04-16 23:13:00,P,0,0,0,17,21,30024,3,1|1
stn32,2016-04-16 23:30:00,P,0,2016-04-16 23:30:00,P,0,0,0,16,19,30024,3,1|1
stn33,2016-04-16 23:46:00,P,0,2016-04-16 23:46:00,P,0,0,0,5,6,30024,3,1|1
stn34,2016-04-16 23:51:00,P,0,2016-04-16 23:51:00,P,0,0,0,6,9,30024,3,1|1
stn35,2016-04-16 23:57:00,P,0,2016-04-17 00:07:00,P,0,10,10,16,19,30024,3,1|1
stn36,2016-04-17 00:23:00,P,0,2016-04-17 00:23:00,P,0,0,0,15,20,30024,3,1|1
stn37,2016-04-17 00:38:00,P,0,2016-04-17 00:38:00,P,0,0,0,8,12,30024,3,1|1
stn38,2016-04-17 00:46:00,P,0,2016-04-17 00:46:00,P,0,0,0,9,9,30024,3,1|1
stn39,2016-04-17 00:55:00,P,0,2016-04-17 00:55:00,P,0,0,0,7,9,30024,3,1|1
stn40,2016-04-17 01:02:00,P,0,2016-04-17 01:04:00,P,0,2,2,14,16,30024,3,1|1
stn41,2016-04-17 01:18:00,P,0,2016-04-17 01:18:00,P,0,0,0,15,17,30024,3,1|1
stn42,2016-04-17 01:33:00,P,0,2016-04-17 01:33:00,P,0,0,0,8,9,30024,3,1|1
stn43,2016-04-17 01:41:00,P,0,2016-04-17 01:41:00,P,0,0,0,20,23,30024,3,1|1
stn44,2016-04-17 02:01:00,P,0,2016-04-17 02:01:00,P,0,0,0,15,16,30024,3,1|1
stn45,2016-04-17 02:16:00,P,0,2016-04-17 02:16:00,P,0,0,0,18,21,30024,3,1|1
stn46,2016-04-17 02:34:00,P,0,2016-04-17 02:34:00,P,0,0,0,9,10,30024,3,1|1
stn47,2016-04-17 02:43:00,P,0,2016-04-17 02:43:00,P,0,0,0,15,18,30024,3,1|1
stn48,2016-04-17 02:58:00,P,0,2016-04-17 02:58:00,P,0,0,0,8,9,30024,3,1|1
stn49,2016-04-17 03:06:00,P,0,2016-04-17 03:06:00,P,0,0,0,14,16,30024,3,1|1
stn50,2016-04-17 03:20:00,P,0,2016-04-17 03:20:00,P,0,0,0,14,16,30024,3,1|1
stn51,2016-04-17 03:34:00,P,0,2016-04-17 03:34:00,P,0,0,0,15,16,30024,3,1|1
stn52,2016-04-17 03:49:00,P,0,2016-04-17 03:49:00,P,0,0,0,16,19,30024,3,1|1
stn53,2016-04-17 04:05:00,P,0,2016-04-17 04:05:00,P,0,0,0,17,19,30024,3,1|1
stn54,2016-04-17 04:22:00,P,0,2016-04-17 04:24:00,P,0,2,2,29,20,30024,3,1|1
stn55,2016-04-17 04:53:00,P,0,2016-04-17 04:53:00,P,0,0,0,17,11,30024,3,1|1
stn56,2016-04-17 05:10:00,P,0,2016-04-17 05:10:00,P,0,0,0,13,9,30024,3,1|1
stn57,2016-04-17 05:23:00,P,0,2016-04-17 05:23:00,P,0,0,0,17,11,30024,3,1|1
stn58,2016-04-17 05:40:00,P,0,2016-04-17 05:40:00,P,0,0,0,7,5,30024,3,1|1
stn59,2016-04-17 05:47:00,P,0,2016-04-17 05:47:00,P,0,0,0,0,0,30024,3,1|1
stn17,2016-04-16 03:58:00,P,0,2016-04-16 03:58:00,P,0,0,0,14,26,30025,3,1|1
stn18,2016-04-16 04:12:00,P,0,2016-04-16 04:13:00,P,0,1,1,12,27,30025,3,1|1
stn19,2016-04-16 04:25:00,P,0,2016-04-16 04:26:00,P,0,1,1,12,26,30025,3,1|1
stn20,2016-04-16 04:38:00,P,0,2016-04-16 04:39:00,P,0,1,1,26,28,30025,3,1|1
stn21,2016-04-16 05:05:00,P,0,2016-04-16 05:06:00,P,0,1,1,19,28,30025,3,1|1
stn22,2016-04-16 05:25:00,P,0,2016-04-16 05:26:00,P,0,1,1,19,26,30025,3,1|1
stn23,2016-04-16 05:45:00,P,0,2016-04-16 05:46:00,P,0,1,1,21,26,30025,3,1|1
stn24,2016-04-16 06:07:00,P,0,2016-04-16 06:08:00,P,0,1,1,20,30,30025,3,1|1
stn25,2016-04-16 06:28:00,P,0,2016-04-16 06:29:00,P,0,1,1,13,17,30025,3,1|1
stn26,2016-04-16 06:42:00,P,0,2016-04-16 06:43:00,P,0,1,1,15,17,30025,3,1|1
stn27,2016-04-16 06:58:00,P,0,2016-04-16 06:59:00,P,0,1,1,39,18,30025,3,1|1
stn28,2016-04-16 07:38:00,P,0,2016-04-16 07:39:00,P,0,1,1,13,16,30025,3,1|1
stn29,2016-04-16 07:52:00,P,0,2016-04-16 07:53:00,P,0,1,1,39,20,30025,3,1|1
stn30,2016-04-16 08:32:00,P,0,2016-04-16 08:33:00,P,0,1,1,15,18,30025,3,1|1
stn31,2016-04-16 08:48:00,P,0,2016-04-16 08:49:00,P,0,1,1,19,29,30025,3,1|1
stn32,2016-04-16 09:08:00,P,0,2016-04-16 09:09:00,P,0,1,1,9,27,30025,3,1|1
stn33,2016-04-16 09:18:00,P,0,2016-04-16 09:19:00,P,0,1,1,9,8,30025,3,1|1
stn34,2016-04-16 09:28:00,P,0,2016-04-16 09:29:00,P,0,1,1,64,13,30025,3,1|1
stn35,2016-04-16 10:33:00,P,0,2016-04-16 10:33:00,P,0,0,0,0,0,30025,3,1|1
stn35,2016-04-15 19:39:00,P,0,2016-04-15 19:39:00,P,0,0,0,14,9,30026,3,1|1
stn34,2016-04-15 19:53:00,P,0,2016-04-15 19:54:00,P,0,1,1,7,6,30026,3,1|1
stn33,2016-04-15 20:01:00,P,0,2016-04-15 20:02:00,P,0,1,1,14,20,30026,3,1|1
stn32,2016-04-15 20:16:00,P,0,2016-04-15 20:17:00,P,0,1,1,22,22,30026,3,1|1
stn31,2016-04-15 20:39:00,P,0,2016-04-15 20:40:00,P,0,1,1,10,14,30026,3,1|1
stn30,2016-04-15 20:50:00,P,0,2016-04-15 20:51:00,P,0,1,1,14,15,30026,3,1|1
stn29,2016-04-15 21:05:00,P,0,2016-04-15 21:06:00,P,0,1,1,12,12,30026,3,1|1
stn28,2016-04-15 21:18:00,P,0,2016-04-15 21:19:00,P,0,1,1,11,13,30026,3,1|1
stn27,2016-04-15 21:30:00,P,0,2016-04-15 21:31:00,P,0,1,1,11,13,30026,3,1|1
stn26,2016-04-15 21:42:00,P,0,2016-04-15 21:43:00,P,0,1,1,14,13,30026,3,1|1
stn25,2016-04-15 21:57:00,P,0,2016-04-15 21:58:00,P,0,1,1,11,22,30026,3,1|1
stn24,2016-04-15 22:09:00,P,0,2016-04-15 22:10:00,P,0,1,1,19,20,30026,3,1|1
stn23,2016-04-15 22:29:00,P,0,2016-04-15 22:30:00,P,0,1,1,19,20,30026,3,1|1
stn22,2016-04-15 22:49:00,P,0,2016-04-15 22:50:00,P,0,1,1,19,21,30026,3,1|1
stn21,2016-04-15 23:09:00,P,0,2016-04-15 23:10:00,P,0,1,1,19,21,30026,3,1|1
stn20,2016-04-15 23:29:00,P,0,2016-04-15 23:30:00,P,0,1,1,15,20,30026,3,1|1
stn19,2016-04-15 23:45:00,P,0,2016-04-15 23:46:00,P,0,1,1,13,21,30026,3,1|1
stn18,2016-04-15 23:59:00,P,0,2016-04-16 00:00:00,P,0,1,1,44,20,30026,3,1|1
stn17,2016-04-16 00:44:00,P,0,2016-04-16 00:44:00,P,0,0,0,0,0,30026,3,1|1
stn35,2016-04-16 18:58:00,P,0,2016-04-16 18:58:00,P,0,0,0,14,9,30027,3,1|1
stn34,2016-04-16 19:12:00,P,0,2016-04-16 19:13:00,P,0,1,1,7,6,30027,3,1|1
stn33,2016-04-16 19:20:00,P,0,2016-04-16 19:21:00,P,0,1,1,14,20,30027,3,1|1
stn32,2016-04-16 19:35:00,P,0,2016-04-16 19:36:00,P,0,1,1,22,22,30027,3,1|1
stn31,2016-04-16 19:58:00,P,0,2016-04-16 19:59:00,P,0,1,1,10,14,30027,3,1|1
stn30,2016-04-16 20:09:00,P,0,2016-04-16 20:10:00,P,0,1,1,14,15,30027,3,1|1
stn29,2016-04-16 20:24:00,P,0,2016-04-16 20:25:00,P,0,1,1,12,12,30027,3,1|1
stn28,2016-04-16 20:37:00,P,0,2016-04-16 20:38:00,P,0,1,1,11,13,30027,3,1|1
stn27,2016-04-16 20:49:00,P,0,2016-04-16 20:50:00,P,0,1,1,11,13,30027,3,1|1
stn26,2016-04-16 21:01:00,P,0,2016-04-16 21:02:00,P,0,1,1,14,13,30027,3,1|1
stn25,2016-04-16 21:16:00,P,0,2016-04-16 21:17:00,P,0,1,1,11,22,30027,3,1|1
stn24,2016-04-16 21:28:00,P,0,2016-04-16 21:29:00,P,0,1,1,19,20,30027,3,1|1
stn23,2016-04-16 21:48:00,P,0,2016-04-16 21:49:00,P,0,1,1,19,20,30027,3,1|1
stn22,2016-04-16 22:08:00,P,0,2016-04-16 22:09:00,P,0,1,1,19,21,30027,3,1|1
stn21,2016-04-16 22:28:00,P,0,2016-04-16 22:29:00,P,0,1,1,19,21,30027,3,1|1
stn20,2016-04-16 22:48:00,P,0,2016-04-16 22:49:00,P,0,1,1,15,20,30027,3,1|1
stn19,2016-04-16 23:04:00,P,0,2016-04-16 23:05:00,P,0,1,1,13,21,30027,3,1|1
stn18,2016-04-16 23:18:00,P,0,2016-04-16 23:19:00,P,0,1,1,44,20,30027,3,1|1
stn17,2016-04-17 00:03:00,P,0,2016-04-17 00:03:00,P,0,0,0,0,0,30027,3,1|1
stn01,2016-04-15 19:42:00,P,0,2016-04-15 19:44:00,P,0,2,2,17,19,30028,3,1|1
stn02,2016-04-15 20:01:00,P,0,2016-04-15 20:02:00,P,0,1,1,19,26,30028,3,1|1
stn03,2016-04-15 20:21:00,P,0,2016-04-15 20:22:00,P,0,1,1,17,25,30028,3,1|1
stn04,2016-04-15 20:39:00,P,0,2016-04-15 20:40:00,P,0,1,1,18,24,30028,3,1|1
stn05,2016-04-15 20:58:00,P,0,2016-04-15 20:59:00,P,0,1,1,10,15,30028,3,1|1
stn06,2016-04-15 21:09:00,P,0,2016-04-15 21:10:00,P,0,1,1,9,11,30028,3,1|1
stn07,2016-04-15 21:19:00,P,0,2016-04-15 21:20:00,P,0,1,1,18,27,30028,3,1|1
stn08,2016-04-15 21:38:00,P,0,2016-04-15 21:39:00,P,0,1,1,15,20,30028,3,1|1
stn09,2016-04-15 21:54:00,P,0,2016-04-15 21:55:00,P,0,1,1,10,24,30028,3,1|1
stn10,2016-04-15 22:05:00,P,0,2016-04-15 22:15:00,P,0,10,10,14,15,30028,3,1|1
stn11,2016-04-15 22:29:00,P,0,2016-04-15 22:30:00,P,0,1,1,8,13,30028,3,1|1
stn12,2016-04-15 22:38:00,P,0,2016-04-15 22:40:00,P,0,2,2,9,15,30028,3,1|1
stn13,2016-04-15 22:49:00,P,0,2016-04-15 22:50:00,P,0,1,1,14,21,30028,3,1|1
stn14,2016-04-15 23:04:00,P,0,2016-04-15 23:05:00,P,0,1,1,14,21,30028,3,1|1
stn15,2016-04-15 23:19:00,P,0,2016-04-15 23:20:00,P,0,1,1,24,19,30028,3,1|1
stn16,2016-04-15 23:44:00,P,0,2016-04-15 23:45:00,P,0,1,1,50,10,30028,3,1|1
stn17,2016-04-16 00:35:00,P,0,2016-04-16 00:35:00,P,0,0,0,0,0,30028,3,1|1
stn01,2016-04-16 19:36:00,P,0,2016-04-16 19:38:00,P,0,2,2,17,19,30029,3,1|1
stn02,2016-04-16 19:55:00,P,0,2016-04-16 19:56:00,P,0,1,1,19,26,30029,3,1|1
stn03,2016-04-16 20:15:00,P,0,2016-04-16 20:16:00,P,0,1,1,17,25,30029,3,1|1
stn04,2016-04-16 20:33:00,P,0,2016-04-16 20:34:00,P,0,1,1,18,24,30029,3,1|1
stn05,2016-04-16 20:52:00,P,0,2016-04-16 20:53:00,P,0,1,1,10,15,30029,3,1|1
stn06,2016-04-16 21:03:00,P,0,2016-04-16 21:04:00,P,0,1,1,9,11,30029,3,1|1
stn07,2016-04-16 21:13:00,P,0,2016-04-16 21:14:00,P,0,1,1,18,27,30029,3,1|1
stn08,2016-04-16 21:32:00,P,0,2016-04-16 21:33:00,P,0,1,1,15,20,30029,3,1|1
stn09,2016-04-16 21:48:00,P,0,2016-04-16 21:49:00,P,0,1,1,10,24,30029,3,1|1
stn10,2016-04-16 21:59:00,P,0,2016-04-16 22:09:00,P,0,10,10,14,15,30029,3,1|1
stn11,2016-04-16 22:23:00,P,0,2016-04-16 22:24:00,P,0,1,1,8,13,30029,3,1|1
stn12,2016-04-16 22:32:00,P,0,2016-04-16 22:34:00,P,0,2,2,9,15,30029,3,1|1
stn13,2016-04-16 22:43:00,P,0,2016-04-16 22:44:00,P,0,1,1,14,21,30029,3,1|1
stn14,2016-04-16 22:58:00,P,0,2016-04-16 22:59:00,P,0,1,1,14,21,30029,3,1|1
stn15,2016-04-16 23:13:00,P,0,2016-04-16 23:14:00,P,0,1,1,24,19,30029,3,1|1
stn16,2016-04-16 23:38:00,P,0,2016-04-16 23:39:00,P,0,1,1,50,10,30029,3,1|1
stn17,2016-04-17 00:29:00,P,0,2016-04-17 00:29:00,P,0,0,0,0,0,30029,3,1|1
stn17,2016-04-16 05:23:00,P,0,2016-04-16 05:23:00,P,0,0,0,10,11,30030,3,1|1
stn16,2016-04-16 05:33:00,P,0,2016-04-16 05:34:00,P,0,1,1,13,19,30030,3,1|1
stn15,2016-04-16 05:47:00,P,0,2016-04-16 05:48:00,P,0,1,1,13,21,30030,3,1|1
stn14,2016-04-16 06:01:00,P,0,2016-04-16 06:02:00,P,0,1,1,12,21,30030,3,1|1
stn13,2016-04-16 06:14:00,P,0,2016-04-16 06:15:00,P,0,1,1,15,15,30030,3,1|1
stn12,2016-04-16 06:30:00,P,0,2016-04-16 06:31:00,P,0,1,1,8,13,30030,3,1|1
stn11,2016-04-16 06:39:00,P,0,2016-04-16 06:41:00,P,0,2,2,13,15,30030,3,1|1
stn10,2016-04-16 06:54:00,P,0,2016-04-16 06:58:00,P,0,4,4,12,25,30030,3,1|1
stn09,2016-04-16 07:10:00,P,0,2016-04-16 07:11:00,P,0,1,1,13,21,30030,3,1|1
stn08,2016-04-16 07:24:00,P,0,2016-04-16 07:25:00,P,0,1,1,18,27,30030,3,1|1
stn07,2016-04-16 07:43:00,P,0,2016-04-16 07:44:00,P,0,1,1,13,12,30030,3,1|1
stn06,2016-04-16 07:57:00,P,0,2016-04-16 07:58:00,P,0,1,1,12,15,30030,3,1|1
stn05,2016-04-16 08:10:00,P,0,2016-04-16 08:11:00,P,0,1,1,32,25,30030,3,1|1
stn04,2016-04-16 08:43:00,P,0,2016-04-16 08:44:00,P,0,1,1,33,26,30030,3,1|1
stn03,2016-04-16 09:17:00,P,0,2016-04-16 09:18:00,P,0,1,1,24,27,30030,3,1|1
stn02,2016-04-16 09:42:00,P,0,2016-04-16 09:43:00,P,0,1,1,43,20,30030,3,1|1
stn01,2016-04-16 10:26:00,P,0,2016-04-16 10:28:00,P,0,2,2,0,0,30030,3,1|1
stn01,2016-04-16 08:46:00,P,0,2016-04-16 08:48:00,P,0,2,2,17,19,30031,3,1|1
stn02,2016-04-16 09:05:00,P,0,2016-04-16 09:06:00,P,0,1,1,21,26,30031,3,1|1
stn03,2016-04-16 09:27:00,P,0,2016-04-16 09:28:00,P,0,1,1,19,25,30031,3,1|1
stn04,2016-04-16 09:47:00,P,0,2016-04-16 09:48:00,P,0,1,1,19,24,30031,3,1|1
stn05,2016-04-16 10:07:00,P,0,2016-04-16 10:08:00,P,0,1,1,11,15,30031,3,1|1
stn06,2016-04-16 10:19:00,P,0,2016-04-16 10:20:00,P,0,1,1,7,11,30031,3,1|1
stn07,2016-04-16 10:27:00,P,0,2016-04-16 10:28:00,P,0,1,1,19,27,30031,3,1|1
stn08,2016-04-16 10:47:00,P,0,2016-04-16 10:48:00,P,0,1,1,14,20,30031,3,1|1
stn09,2016-04-16 11:02:00,P,0,2016-04-16 11:03:00,P,0,1,1,20,24,30031,3,1|1
stn10,2016-04-16 11:23:00,P,0,2016-04-16 11:28:00,P,0,5,5,11,15,30031,3,1|1
stn11,2016-04-16 11:39:00,P,0,2016-04-16 11:40:00,P,0,1,1,12,13,30031,3,1|1
stn12,2016-04-16 11:52:00,P,0,2016-04-16 11:53:00,P,0,1,1,16,15,30031,3,1|1
stn13,2016-04-16 12:09:00,P,0,2016-04-16 12:10:00,P,0,1,1,20,21,30031,3,1|1
stn14,2016-04-16 12:30:00,P,0,2016-04-16 12:31:00,P,0,1,1,14,21,30031,3,1|1
stn15,2016-04-16 12:45:00,P,0,2016-04-16 12:46:00,P,0,1,1,19,19,30031,3,1|1
stn16,2016-04-16 13:05:00,P,0,2016-04-16 13:06:00,P,0,1,1,42,10,30031,3,1|1
stn17,2016-04-16 13:48:00,P,0,2016-04-16 13:53:00,P,0,5,5,19,23,30031,3,1|1
stn18,2016-04-16 14:12:00,P,0,2016-04-16 14:13:00,P,0,1,1,14,25,30031,3,1|1
stn19,2016-04-16 14:27:00,P,0,2016-04-16 14:28:00,P,0,1,1,13,24,30031,3,1|1
stn20,2016-04-16 14:41:00,P,0,2016-04-16 14:42:00,P,0,1,1,13,25,30031,3,1|1
stn21,2016-04-16 14:55:00,P,0,2016-04-16 14:56:00,P,0,1,1,16,25,30031,3,1|1
stn22,2016-04-16 15:12:00,P,0,2016-04-16 15:13:00,P,0,1,1,15,24,30031,3,1|1
stn23,2016-04-16 15:28:00,P,0,2016-04-16 15:29:00,P,0,1,1,16,23,30031,3,1|1
stn24,2016-04-16 15:45:00,P,0,2016-04-16 15:46:00,P,0,1,1,23,27,30031,3,1|1
stn25,2016-04-16 16:09:00,P,0,2016-04-16 16:10:00,P,0,1,1,9,16,30031,3,1|1
stn26,2016-04-16 16:19:00,P,0,2016-04-16 16:20:00,P,0,1,1,9,15,30031,3,1|1
stn27,2016-04-16 16:29:00,P,0,2016-04-16 16:30:00,P,0,1,1,88,16,30031,3,1|1
stn28,2016-04-16 17:58:00,P,0,2016-04-16 17:58:00,P,0,0,0,0,0,30031,3,1|1
stn28,2016-04-16 08:35:00,P,0,2016-04-16 08:35:00,P,0,0,0,11,16,30032,3,1|1
stn27,2016-04-16 08:46:00,P,0,2016-04-16 08:47:00,P,0,1,1,8,15,30032,3,1|1
stn26,2016-04-16 08:55:00,P,0,2016-04-16 08:57:00,P,0,2,2,10,16,30032,3,1|1
stn25,2016-04-16 09:07:00,P,0,2016-04-16 09:08:00,P,0,1,1,18,27,30032,3,1|1
stn24,2016-04-16 09:26:00,P,0,2016-04-16 09:27:00,P,0,1,1,19,23,30032,3,1|1
stn23,2016-04-16 09:46:00,P,0,2016-04-16 09:47:00,P,0,1,1,13,24,30032,3,1|1
stn22,2016-04-16 10:00:00,P,0,2016-04-16 10:01:00,P,0,1,1,15,25,30032,3,1|1
stn21,2016-04-16 10:16:00,P,0,2016-04-16 10:17:00,P,0,1,1,17,25,30032,3,1|1
stn20,2016-04-16 10:34:00,P,0,2016-04-16 10:35:00,P,0,1,1,14,24,30032,3,1|1
stn19,2016-04-16 10:49:00,P,0,2016-04-16 10:50:00,P,0,1,1,19,25,30032,3,1|1
stn18,2016-04-16 11:09:00,P,0,2016-04-16 11:10:00,P,0,1,1,40,23,30032,3,1|1
stn17,2016-04-16 11:50:00,P,0,2016-04-16 11:55:00,P,0,5,5,10,10,30032,3,1|1
stn16,2016-04-16 12:05:00,P,0,2016-04-16 12:06:00,P,0,1,1,12,19,30032,3,1|1
stn15,2016-04-16 12:18:00,P,0,2016-04-16 12:20:00,P,0,2,2,12,21,30032,3,1|1
stn14,2016-04-16 12:32:00,P,0,2016-04-16 12:33:00,P,0,1,1,12,21,30032,3,1|1
stn13,2016-04-16 12:45:00,P,0,2016-04-16 12:46:00,P,0,1,1,13,15,30032,3,1|1
stn12,2016-04-16 12:59:00,P,0,2016-04-16 13:00:00,P,0,1,1,12,13,30032,3,1|1
stn11,2016-04-16 13:12:00,P,0,2016-04-16 13:13:00,P,0,1,1,22,15,30032,3,1|1
stn10,2016-04-16 13:35:00,P,0,2016-04-16 13:40:00,P,0,5,5,15,24,30032,3,1|1
stn09,2016-04-16 13:55:00,P,0,2016-04-16 13:57:00,P,0,2,2,11,20,30032,3,1|1
stn08,2016-04-16 14:08:00,P,0,2016-04-16 14:09:00,P,0,1,1,16,27,30032,3,1|1
stn07,2016-04-16 14:25:00,P,0,2016-04-16 14:26:00,P,0,1,1,10,11,30032,3,1|1
stn06,2016-04-16 14:36:00,P,0,2016-04-16 14:37:00,P,0,1,1,11,15,30032,3,1|1
stn05,2016-04-16 14:48:00,P,0,2016-04-16 14:49:00,P,0,1,1,41,24,30032,3,1|1
stn04,2016-04-16 15:30:00,P,0,2016-04-16 15:31:00,P,0,1,1,19,25,30032,3,1|1
stn03,2016-04-16 15:50:00,P,0,2016-04-16 15:51:00,P,0,1,1,29,26,30032,3,1|1
stn02,2016-04-16 16:20:00,P,0,2016-04-16 16:21:00,P,0,1,1,57,19,30032,3,1|1
stn01,2016-04-16 17:18:00,P,0,2016-04-16 17:20:00,P,0,2,2,0,0,30032,3,1|1
stn28,2016-04-16 18:17:00,P,0,2016-04-16 18:17:00,P,0,0,0,9,18,30033,3,1|1
stn29,2016-04-16 18:26:00,P,0,2016-04-16 18:27:00,P,0,1,1,15,23,30033,3,1|1
stn30,2016-04-16 18:42:00,P,0,2016-04-16 18:43:00,P,0,1,1,13,21,30033,3,1|1
stn31,2016-04-16 18:56:00,P,0,2016-04-16 18:57:00,P,0,1,1,16,33,30033,3,1|1
stn32,2016-04-16 19:13:00,P,0,2016-04-16 19:14:00,P,0,1,1,12,30,30033,3,1|1
stn33,2016-04-16 19:26:00,P,0,2016-04-16 19:27:00,P,0,1,1,9,9,30033,3,1|1
stn34,2016-04-16 19:36:00,P,0,2016-04-16 19:37:00,P,0,1,1,60,14,30033,3,1|1
stn35,2016-04-16 20:37:00,P,0,2016-04-16 20:37:00,P,0,0,0,0,0,30033,3,1|1
stn35,2016-04-16 06:20:00,P,0,2016-04-16 06:20:00,P,0,0,0,13,13,30034,3,1|1
stn34,2016-04-16 06:33:00,P,0,2016-04-16 06:34:00,P,0,1,1,7,8,30034,3,1|1
stn33,2016-04-16 06:41:00,P,0,2016-04-16 06:42:00,P,0,1,1,15,28,30034,3,1|1
stn32,2016-04-16 06:57:00,P,0,2016-04-16 06:58:00,P,0,1,1,17,30,30034,3,1|1
stn31,2016-04-16 07:15:00,P,0,2016-04-16 07:16:00,P,0,1,1,11,19,30034,3,1|1
stn30,2016-04-16 07:27:00,P,0,2016-04-16 07:28:00,P,0,1,1,16,21,30034,3,1|1
stn29,2016-04-16 07:44:00,P,0,2016-04-16 07:45:00,P,0,1,1,45,16,30034,3,1|1
stn28,2016-04-16 08:30:00,P,0,2016-04-16 08:30:00,P,0,0,0,0,0,30034,3,1|1
stn59,2016-04-16 06:24:00,P,0,2016-04-16 06:25:00,P,0,1,1,7,5,30035,3,1|1
stn58,2016-04-16 06:32:00,P,0,2016-04-16 06:33:00,P,0,1,1,9,11,30035,3,1|1
stn57,2016-04-16 06:42:00,P,0,2016-04-16 06:43:00,P,0,1,1,10,9,30035,3,1|1
stn56,2016-04-16 06:53:00,P,0,2016-04-16 06:54:00,P,0,1,1,10,11,30035,3,1|1
stn55,2016-04-16 07:04:00,P,0,2016-04-16 07:05:00,P,0,1,1,18,20,30035,3,1|1
stn54,2016-04-16 07:23:00,P,0,2016-04-16 07:24:00,P,0,1,1,11,20,30035,3,1|1
stn53,2016-04-16 07:35:00,P,0,2016-04-16 07:36:00,P,0,1,1,12,19,30035,3,1|1
stn52,2016-04-16 07:48:00,P,0,2016-04-16 07:49:00,P,0,1,1,11,17,30035,3,1|1
stn51,2016-04-16 08:00:00,P,0,2016-04-16 08:01:00,P,0,1,1,10,17,30035,3,1|1
stn50,2016-04-16 08:11:00,P,0,2016-04-16 08:12:00,P,0,1,1,19,17,30035,3,1|1
stn49,2016-04-16 08:31:00,P,0,2016-04-16 08:32:00,P,0,1,1,9,10,30035,3,1|1
stn48,2016-04-16 08:41:00,P,0,2016-04-16 08:42:00,P,0,1,1,19,18,30035,3,1|1
stn47,2016-04-16 09:01:00,P,0,2016-04-16 09:02:00,P,0,1,1,9,10,30035,3,1|1
stn46,2016-04-16 09:11:00,P,0,2016-04-16 09:12:00,P,0,1,1,6,22,30035,3,1|1
stn45,2016-04-16 09:18:00,P,0,2016-04-16 09:19:00,P,0,1,1,14,17,30035,3,1|1
stn44,2016-04-16 09:33:00,P,0,2016-04-16 09:34:00,P,0,1,1,30,24,30035,3,1|1
stn43,2016-04-16 10:04:00,P,0,2016-04-16 10:05:00,P,0,1,1,10,10,30035,3,1|1
stn42,2016-04-16 10:15:00,P,0,2016-04-16 10:16:00,P,0,1,1,19,18,30035,3,1|1
stn41,2016-04-16 10:35:00,P,0,2016-04-16 10:36:00,P,0,1,1,15,17,30035,3,1|1
stn40,2016-04-16 10:51:00,P,0,2016-04-16 10:52:00,P,0,1,1,12,9,30035,3,1|1
stn39,2016-04-16 11:04:00,P,0,2016-04-16 11:05:00,P,0,1,1,13,10,30035,3,1|1
stn38,2016-04-16 11:18:00,P,0,2016-04-16 11:19:00,P,0,1,1,12,12,30035,3,1|1
stn37,2016-04-16 11:31:00,P,0,2016-04-16 11:32:00,P,0,1,1,16,21,30035,3,1|1
stn36,2016-04-16 11:48:00,P,0,2016-04-16 11:49:00,P,0,1,1,35,20,30035,3,1|1
stn35,2016-04-16 12:24:00,P,0,2016-04-16 12:24:00,P,0,0,0,0,0,30035,3,1|1
stn35,2016-04-16 13:26:00,P,0,2016-04-16 13:26:00,P,0,0,0,17,24,30036,3,1|1
stn36,2016-04-16 13:43:00,P,0,2016-04-16 13:44:00,P,0,1,1,33,24,30036,3,1|1
stn37,2016-04-16 14:17:00,P,0,2016-04-16 14:18:00,P,0,1,1,19,14,30036,3,1|1
stn38,2016-04-16 14:37:00,P,0,2016-04-16 14:38:00,P,0,1,1,17,12,30036,3,1|1
stn39,2016-04-16 14:55:00,P,0,2016-04-16 14:56:00,P,0,1,1,27,11,30036,3,1|1
stn40,2016-04-16 15:23:00,P,0,2016-04-16 15:24:00,P,0,1,1,13,20,30036,3,1|1
stn41,2016-04-16 15:37:00,P,0,2016-04-16 15:38:00,P,0,1,1,12,21,30036,3,1|1
stn42,2016-04-16 15:50:00,P,0,2016-04-16 15:51:00,P,0,1,1,11,11,30036,3,1|1
stn43,2016-04-16 16:02:00,P,0,2016-04-16 16:03:00,P,0,1,1,13,28,30036,3,1|1
stn44,2016-04-16 16:16:00,P,0,2016-04-16 16:17:00,P,0,1,1,19,20,30036,3,1|1
stn45,2016-04-16 16:36:00,P,0,2016-04-16 16:37:00,P,0,1,1,16,26,30036,3,1|1
stn46,2016-04-16 16:53:00,P,0,2016-04-16 16:54:00,P,0,1,1,9,12,30036,3,1|1
stn47,2016-04-16 17:03:00,P,0,2016-04-16 17:04:00,P,0,1,1,22,22,30036,3,1|1
stn48,2016-04-16 17:26:00,P,0,2016-04-16 17:27:00,P,0,1,1,10,11,30036,3,1|1
stn49,2016-04-16 17:37:00,P,0,2016-04-16 17:38:00,P,0,1,1,23,20,30036,3,1|1
stn50,2016-04-16 18:01:00,P,0,2016-04-16 18:02:00,P,0,1,1,18,20,30036,3,1|1
stn51,2016-04-16 18:20:00,P,0,2016-04-16 18:21:00,P,0,1,1,15,20,30036,3,1|1
stn52,2016-04-16 18:36:00,P,0,2016-04-16 18:37:00,P,0,1,1,12,23,30036,3,1|1
stn53,2016-04-16 18:49:00,P,0,2016-04-16 18:50:00,P,0,1,1,16,24,30036,3,1|1
stn54,2016-04-16 19:06:00,P,0,2016-04-16 19:07:00,P,0,1,1,20,24,30036,3,1|1
stn55,2016-04-16 19:27:00,P,0,2016-04-16 19:28:00,P,0,1,1,9,13,30036,3,1|1
stn56,2016-04-16 19:37:00,P,0,2016-04-16 19:38:00,P,0,1,1,9,11,30036,3,1|1
stn57,2016-04-16 19:47:00,P,0,2016-04-16 19:48:00,P,0,1,1,9,13,30036,3,1|1
stn58,2016-04-16 19:57:00,P,0,2016-04-16 19:58:00,P,0,1,1,22,6,30036,3,1|1
stn59,2016-04-16 20:20:00,P,0,2016-04-16 20:21:00,P,0,1,1,0,0,30036,3,1|1
stn59,2016-04-16 08:46:00,P,0,2016-04-16 08:47:00,P,0,1,1,11,8,30037,3,1|1
stn58,2016-04-16 08:58:00,P,0,2016-04-16 08:59:00,P,0,1,1,9,16,30037,3,1|1
stn57,2016-04-16 09:08:00,P,0,2016-04-16 09:09:00,P,0,1,1,9,13,30037,3,1|1
stn56,2016-04-16 09:18:00,P,0,2016-04-16 09:19:00,P,0,1,1,12,16,30037,3,1|1
stn55,2016-04-16 09:31:00,P,0,2016-04-16 09:32:00,P,0,1,1,22,29,30037,3,1|1
stn54,2016-04-16 09:54:00,P,0,2016-04-16 09:55:00,P,0,1,1,17,29,30037,3,1|1
stn53,2016-04-16 10:12:00,P,0,2016-04-16 10:13:00,P,0,1,1,38,28,30037,3,1|1
stn52,2016-04-16 10:51:00,P,0,2016-04-16 10:52:00,P,0,1,1,16,25,30037,3,1|1
stn51,2016-04-16 11:08:00,P,0,2016-04-16 11:09:00,P,0,1,1,15,25,30037,3,1|1
stn50,2016-04-16 11:24:00,P,0,2016-04-16 11:25:00,P,0,1,1,0,0,30037,3,1|1
stn50,2016-04-16 13:43:00,P,0,2016-04-16 13:44:00,P,0,1,1,13,24,30038,3,1|1
stn51,2016-04-16 13:57:00,P,0,2016-04-16 13:58:00,P,0,1,1,11,24,30038,3,1|1
stn52,2016-04-16 14:09:00,P,0,2016-04-16 14:10:00,P,0,1,1,13,27,30038,3,1|1
stn53,2016-04-16 14:23:00,P,0,2016-04-16 14:24:00,P,0,1,1,17,28,30038,3,1|1
stn54,2016-04-16 14:41:00,P,0,2016-04-16 14:42:00,P,0,1,1,37,28,30038,3,1|1
stn55,2016-04-16 15:19:00,P,0,2016-04-16 15:20:00,P,0,1,1,2,16,30038,3,1|1
stn56,2016-04-16 15:22:00,P,0,2016-04-16 15:23:00,P,0,1,1,13,12,30038,3,1|1
stn57,2016-04-16 15:36:00,P,0,2016-04-16 15:37:00,P,0,1,1,25,15,30038,3,1|1
stn58,2016-04-16 16:02:00,P,0,2016-04-16 16:03:00,P,0,1,1,38,8,30038,3,1|1
stn59,2016-04-16 16:41:00,P,0,2016-04-16 16:42:00,P,0,1,1,0,0,30038,3,1|1
stn35,2016-04-16 07:53:00,P,0,2016-04-16 07:55:00,P,0,2,2,10,15,30039,3,1|1
stn34,2016-04-16 08:05:00,P,0,2016-04-16 08:07:00,P,0,2,2,0,0,30039,3,1|1
stn34,2016-04-16 08:33:00,P,0,2016-04-16 08:34:00,P,0,1,1,12,12,30040,3,1|1
stn35,2016-04-16 08:46:00,P,0,2016-04-16 08:47:00,P,0,1,1,0,0,30040,3,1|1
stn35,2016-04-16 13:45:00,P,0,2016-04-16 13:50:00,P,0,5,5,12,14,30041,3,1|1
stn34,2016-04-16 14:02:00,P,0,2016-04-16 14:03:00,P,0,1,1,0,0,30041,3,1|1
stn34,2016-04-16 14:02:00,P,0,2016-04-16 14:03:00,P,0,1,1,13,15,30042,3,1|1
stn35,2016-04-16 14:16:00,P,0,2016-04-16 14:17:00,P,0,1,1,0,0,30042,3,1|1
stn35,2016-04-16 17:46:00,P,0,2016-04-16 17:48:00,P,0,2,2,12,14,30043,3,1|1
stn34,2016-04-16 18:00:00,P,0,2016-04-16 18:03:00,P,0,3,3,0,0,30043,3,1|1
stn34,2016-04-16 18:22:00,P,0,2016-04-16 18:23:00,P,0,1,1,19,13,30044,3,1|1
stn35,2016-04-16 18:42:00,P,0,2016-04-16 18:44:00,P,0,2,2,0,0,30044,3,1|1
stn35,2016-04-16 18:45:00,P,0,2016-04-16 18:45:00,P,0,0,0,14,21,30045,3,1|1
stn36,2016-04-16 18:59:00,P,0,2016-04-16 19:00:00,P,0,1,1,17,22,30045,3,1|1
stn37,2016-04-16 19:17:00,P,0,2016-04-16 19:18:00,P,0,1,1,11,13,30045,3,1|1
stn38,2016-04-16 19:29:00,P,0,2016-04-16 19:30:00,P,0,1,1,15,10,30045,3,1|1
stn39,2016-04-16 19:45:00,P,0,2016-04-16 19:46:00,P,0,1,1,19,10,30045,3,1|1
stn40,2016-04-16 20:05:00,P,0,2016-04-16 20:05:00,P,0,0,0,0,0,30045,3,1|1
stn40,2016-04-16 06:17:00,P,0,2016-04-16 06:17:00,P,0,0,0,7,9,30046,3,1|1
stn39,2016-04-16 06:24:00,P,0,2016-04-16 06:25:00,P,0,1,1,9,9,30046,3,1|1
stn38,2016-04-16 06:34:00,P,0,2016-04-16 06:35:00,P,0,1,1,11,11,30046,3,1|1
stn37,2016-04-16 06:46:00,P,0,2016-04-16 06:47:00,P,0,1,1,17,19,30046,3,1|1
stn36,2016-04-16 07:04:00,P,0,2016-04-16 07:05:00,P,0,1,1,22,18,30046,3,1|1
stn35,2016-04-16 07:27:00,P,0,2016-04-16 07:27:00,P,0,0,0,0,0,30046,3,1|1
stn35,2016-04-16 10:47:00,P,0,2016-04-16 10:47:00,P,0,0,0,16,33,30047,3,1|1
stn36,2016-04-16 11:03:00,P,0,2016-04-16 11:04:00,P,0,1,1,28,34,30047,3,1|1
stn37,2016-04-16 11:32:00,P,0,2016-04-16 11:33:00,P,0,1,1,24,20,30047,3,1|1
stn38,2016-04-16 11:57:00,P,0,2016-04-16 11:58:00,P,0,1,1,24,16,30047,3,1|1
stn39,2016-04-16 12:22:00,P,0,2016-04-16 12:23:00,P,0,1,1,29,16,30047,3,1|1
stn40,2016-04-16 12:52:00,P,0,2016-04-16 12:52:00,P,0,0,0,0,0,30047,3,1|1
stn40,2016-04-16 14:32:00,P,0,2016-04-16 14:32:00,P,0,0,0,9,12,30048,3,1|1
stn39,2016-04-16 14:41:00,P,0,2016-04-16 14:42:00,P,0,1,1,12,12,30048,3,1|1
stn38,2016-04-16 14:54:00,P,0,2016-04-16 14:55:00,P,0,1,1,16,15,30048,3,1|1
stn37,2016-04-16 15:11:00,P,0,2016-04-16 15:12:00,P,0,1,1,15,26,30048,3,1|1
stn36,2016-04-16 15:27:00,P,0,2016-04-16 15:28:00,P,0,1,1,39,25,30048,3,1|1
stn35,2016-04-16 16:07:00,P,0,2016-04-16 16:07:00,P,0,0,0,0,0,30048,3,1|1
stn35,2016-04-16 04:46:00,P,0,2016-04-16 04:46:00,P,0,0,0,15,22,30049,3,1|1
stn36,2016-04-16 05:01:00,P,0,2016-04-16 05:02:00,P,0,1,1,11,23,30049,3,1|1
stn37,2016-04-16 05:13:00,P,0,2016-04-16 05:14:00,P,0,1,1,11,13,30049,3,1|1
stn38,2016-04-16 05:25:00,P,0,2016-04-16 05:26:00,P,0,1,1,10,11,30049,3,1|1
stn39,2016-04-16 05:36:00,P,0,2016-04-16 05:37:00,P,0,1,1,6,10,30049,3,1|1
stn40,2016-04-16 05:43:00,P,0,2016-04-16 05:44:00,P,0,1,1,13,19,30049,3,1|1
stn41,2016-04-16 05:57:00,P,0,2016-04-16 05:58:00,P,0,1,1,10,20,30049,3,1|1
stn42,2016-04-16 06:08:00,P,0,2016-04-16 06:09:00,P,0,1,1,10,11,30049,3,1|1
stn43,2016-04-16 06:19:00,P,0,2016-04-16 06:20:00,P,0,1,1,13,26,30049,3,1|1
stn44,2016-04-16 06:33:00,P,0,2016-04-16 06:34:00,P,0,1,1,9,19,30049,3,1|1
stn45,2016-04-16 06:43:00,P,0,2016-04-16 06:44:00,P,0,1,1,18,24,30049,3,1|1
stn46,2016-04-16 07:02:00,P,0,2016-04-16 07:03:00,P,0,1,1,12,11,30049,3,1|1
stn47,2016-04-16 07:15:00,P,0,2016-04-16 07:16:00,P,0,1,1,27,20,30049,3,1|1
stn48,2016-04-16 07:43:00,P,0,2016-04-16 07:44:00,P,0,1,1,9,10,30049,3,1|1
stn49,2016-04-16 07:53:00,P,0,2016-04-16 07:54:00,P,0,1,1,17,19,30049,3,1|1
stn50,2016-04-16 08:11:00,P,0,2016-04-16 08:12:00,P,0,1,1,18,19,30049,3,1|1
stn51,2016-04-16 08:30:00,P,0,2016-04-16 08:31:00,P,0,1,1,15,19,30049,3,1|1
stn52,2016-04-16 08:46:00,P,0,2016-04-16 08:47:00,P,0,1,1,20,21,30049,3,1|1
stn53,2016-04-16 09:07:00,P,0,2016-04-16 09:08:00,P,0,1,1,18,22,30049,3,1|1
stn54,2016-04-16 09:26:00,P,0,2016-04-16 09:27:00,P,0,1,1,23,22,30049,3,1|1
stn55,2016-04-16 09:50:00,P,0,2016-04-16 09:51:00,P,0,1,1,10,12,30049,3,1|1
stn56,2016-04-16 10:01:00,P,0,2016-04-16 10:02:00,P,0,1,1,11,10,30049,3,1|1
stn57,2016-04-16 10:13:00,P,0,2016-04-16 10:14:00,P,0,1,1,12,12,30049,3,1|1
stn58,2016-04-16 10:26:00,P,0,2016-04-16 10:27:00,P,0,1,1,40,6,30049,3,1|1
stn59,2016-04-16 11:07:00,P,0,2016-04-16 11:08:00,P,0,1,1,0,0,30049,3,1|1
stn59,2016-04-16 15:51:00,P,0,2016-04-16 15:52:00,P,0,1,1,8,6,30050,3,1|1
stn58,2016-04-16 16:00:00,P,0,2016-04-16 16:01:00,P,0,1,1,10,12,30050,3,1|1
stn57,2016-04-16 16:11:00,P,0,2016-04-16 16:12:00,P,0,1,1,8,10,30050,3,1|1
stn56,2016-04-16 16:20:00,P,0,2016-04-16 16:21:00,P,0,1,1,9,12,30050,3,1|1
stn55,2016-04-16 16:30:00,P,0,2016-04-16 16:31:00,P,0,1,1,20,22,30050,3,1|1
stn54,2016-04-16 16:51:00,P,0,2016-04-16 16:52:00,P,0,1,1,15,22,30050,3,1|1
stn53,2016-04-16 17:07:00,P,0,2016-04-16 17:08:00,P,0,1,1,10,21,30050,3,1|1
stn52,2016-04-16 17:18:00,P,0,2016-04-16 17:19:00,P,0,1,1,11,18,30050,3,1|1
stn51,2016-04-16 17:30:00,P,0,2016-04-16 17:31:00,P,0,1,1,17,18,30050,3,1|1
stn50,2016-04-16 17:48:00,P,0,2016-04-16 17:49:00,P,0,1,1,22,18,30050,3,1|1
stn49,2016-04-16 18:11:00,P,0,2016-04-16 18:12:00,P,0,1,1,9,10,30050,3,1|1
stn48,2016-04-16 18:21:00,P,0,2016-04-16 18:22:00,P,0,1,1,19,20,30050,3,1|1
stn47,2016-04-16 18:41:00,P,0,2016-04-16 18:42:00,P,0,1,1,9,11,30050,3,1|1
stn46,2016-04-16 18:51:00,P,0,2016-04-16 18:52:00,P,0,1,1,19,24,30050,3,1|1
stn45,2016-04-16 19:11:00,P,0,2016-04-16 19:12:00,P,0,1,1,19,18,30050,3,1|1
stn44,2016-04-16 19:31:00,P,0,2016-04-16 19:32:00,P,0,1,1,19,26,30050,3,1|1
stn43,2016-04-16 19:51:00,P,0,2016-04-16 19:52:00,P,0,1,1,9,10,30050,3,1|1
stn42,2016-04-16 20:01:00,P,0,2016-04-16 20:02:00,P,0,1,1,13,19,30050,3,1|1
stn41,2016-04-16 20:15:00,P,0,2016-04-16 20:16:00,P,0,1,1,15,18,30050,3,1|1
stn40,2016-04-16 20:31:00,P,0,2016-04-16 20:32:00,P,0,1,1,9,10,30050,3,1|1
stn39,2016-04-16 20:41:00,P,0,2016-04-16 20:42:00,P,0,1,1,9,11,30050,3,1|1
stn38,2016-04-16 20:51:00,P,0,2016-04-16 20:52:00,P,0,1,1,19,13,30050,3,1|1
stn37,2016-04-16 21:11:00,P,0,2016-04-16 21:12:00,P,0,1,1,14,22,30050,3,1|1
stn36,2016-04-16 21:26:00,P,0,2016-04-16 21:27:00,P,0,1,1,54,22,30050,3,1|1
stn35,2016-04-16 22:21:00,P,0,2016-04-16 22:21:00,P,0,0,0,0,0,30050,3,1|1
stn01,2016-04-16 12:37:00,P,0,2016-04-16 12:37:00,P,0,0,0,0,0,30051,3,1|1
stn01,2016-04-16 05:36:00,P,0,2016-04-16 05:36:00,P,0,0,0,0,0,30052,3,1|1
stn01,2016-04-16 22:39:00,P,0,2016-04-16 22:39:00,P,0,0,0,0,0,30053,3,1|1
stn01,2016-04-16 16:08:00,P,0,2016-04-16 16:08:00,P,0,0,0,0,0,30054,3,1|1
